-200.0   18.0   3.35805247853e+17
-195.0   18.0   3.28907289858e+17
-190.0   18.0   3.23448352065e+17
-185.0   18.0   3.19093804982e+17
-180.0   18.0   3.15659342974e+17
-175.0   18.0   3.13002785442e+17
-170.0   18.0   3.10987792946e+17
-165.0   18.0   3.09482630247e+17
-160.0   18.0   3.0836714134e+17
-155.0   18.0   3.07539174725e+17
-150.0   18.0   3.0691602651e+17
-145.0   18.0   3.06433925021e+17
-140.0   18.0   3.06045144581e+17
-135.0   18.0   3.05714947496e+17
-130.0   18.0   3.0541886963e+17
-125.0   18.0   3.05139628036e+17
-120.0   18.0   3.04865471684e+17
-115.0   18.0   3.04588360394e+17
-110.0   18.0   3.04303312004e+17
-105.0   18.0   3.04007302858e+17
-100.0   18.0   3.03698752408e+17
-95.0   18.0   3.03377351415e+17
-90.0   18.0   3.03043237319e+17
-85.0   18.0   3.02697578351e+17
-80.0   18.0   3.0234185198e+17
-75.0   18.0   3.01977570034e+17
-70.0   18.0   3.01607000255e+17
-65.0   18.0   3.01232238589e+17
-60.0   18.0   3.00855518418e+17
-55.0   18.0   3.00479279283e+17
-50.0   18.0   3.00105823286e+17
-45.0   18.0   2.9973755561e+17
-40.0   18.0   2.99376778358e+17
-35.0   18.0   2.9902575927e+17
-30.0   18.0   2.98686731732e+17
-25.0   18.0   2.98361619887e+17
-20.0   18.0   2.98052554041e+17
-15.0   18.0   2.97761320898e+17
-10.0   18.0   2.97489707167e+17
-5.0   18.0   2.97239259034e+17
0.0   18.0   2.97011591407e+17
5.0   18.0   2.96808147396e+17
10.0   18.0   2.9663040447e+17
15.0   18.0   2.96479633938e+17
20.0   18.0   2.9635721019e+17
25.0   18.0   2.96264713774e+17
30.0   18.0   2.96203690879e+17
35.0   18.0   2.9617592821e+17
40.0   18.0   2.96183659151e+17
45.0   18.0   2.96229426323e+17
50.0   18.0   2.96316562619e+17
55.0   18.0   2.96448985051e+17
60.0   18.0   2.96631778859e+17
65.0   18.0   2.96871025718e+17
70.0   18.0   2.97174250409e+17
75.0   18.0   2.97550833141e+17
80.0   18.0   2.98011734672e+17
85.0   18.0   2.98569977341e+17
90.0   18.0   2.99240885592e+17
95.0   18.0   3.00041398777e+17
100.0   18.0   3.00991101945e+17
105.0   18.0   3.02110473502e+17
110.0   18.0   3.03421057002e+17
115.0   18.0   3.04944224204e+17
120.0   18.0   3.06699663237e+17
125.0   18.0   3.0870338574e+17
130.0   18.0   3.10965390396e+17
135.0   18.0   3.13487051595e+17
140.0   18.0   3.16257339861e+17
145.0   18.0   3.19249592036e+17
150.0   18.0   3.2241807531e+17
155.0   18.0   3.25694379442e+17
160.0   18.0   3.28984771068e+17
165.0   18.0   3.32167994669e+17
170.0   18.0   3.35095375658e+17
175.0   18.0   3.37590648578e+17
180.0   18.0   3.39452808959e+17
185.0   18.0   3.40458793379e+17
190.0   18.0   3.40368186749e+17
195.0   18.0   3.38918686826e+17
200.0   18.0   3.35805247853e+17
-200.0   12.0   3.35804457579e+17
-195.0   12.0   3.29794217784e+17
-190.0   12.0   3.25798214572e+17
-185.0   12.0   3.23027926306e+17
-180.0   12.0   3.21123812685e+17
-175.0   12.0   3.19861848214e+17
-170.0   12.0   3.1907442609e+17
-165.0   12.0   3.18626478181e+17
-160.0   12.0   3.18409633872e+17
-155.0   12.0   3.18340055402e+17
-150.0   12.0   3.18355963961e+17
-145.0   12.0   3.18412966767e+17
-140.0   12.0   3.18481445725e+17
-135.0   12.0   3.18541781426e+17
-130.0   12.0   3.18581604362e+17
-125.0   12.0   3.1859380207e+17
-120.0   12.0   3.18575110372e+17
-115.0   12.0   3.18523398966e+17
-110.0   12.0   3.18439183247e+17
-105.0   12.0   3.18323528368e+17
-100.0   12.0   3.18178049235e+17
-95.0   12.0   3.18005116672e+17
-90.0   12.0   3.17807410738e+17
-85.0   12.0   3.1758781765e+17
-80.0   12.0   3.17349120547e+17
-75.0   12.0   3.17094274368e+17
-70.0   12.0   3.16826577646e+17
-65.0   12.0   3.16549088399e+17
-60.0   12.0   3.16264727204e+17
-55.0   12.0   3.15976895676e+17
-50.0   12.0   3.15688239514e+17
-45.0   12.0   3.15401919814e+17
-40.0   12.0   3.15120754075e+17
-35.0   12.0   3.14847525436e+17
-30.0   12.0   3.14584639077e+17
-25.0   12.0   3.14334637621e+17
-20.0   12.0   3.14100063687e+17
-15.0   12.0   3.13882841421e+17
-10.0   12.0   3.13685032407e+17
-5.0   12.0   3.1350869823e+17
0.0   12.0   3.13355247639e+17
5.0   12.0   3.13226707857e+17
10.0   12.0   3.13124247117e+17
15.0   12.0   3.13049308528e+17
20.0   12.0   3.13003266479e+17
25.0   12.0   3.12987460999e+17
30.0   12.0   3.13003266479e+17
35.0   12.0   3.13052263466e+17
40.0   12.0   3.13135963788e+17
45.0   12.0   3.13256360312e+17
50.0   12.0   3.13415961296e+17
55.0   12.0   3.13617584241e+17
60.0   12.0   3.1386463076e+17
65.0   12.0   3.14161670698e+17
70.0   12.0   3.14513823657e+17
75.0   12.0   3.14927927223e+17
80.0   12.0   3.15411437462e+17
85.0   12.0   3.1597370022e+17
90.0   12.0   3.16625229579e+17
95.0   12.0   3.17377982727e+17
100.0   12.0   3.18245050725e+17
105.0   12.0   3.19240143108e+17
110.0   12.0   3.2037724429e+17
115.0   12.0   3.21669651489e+17
120.0   12.0   3.23128016224e+17
125.0   12.0   3.24759794559e+17
130.0   12.0   3.26565708048e+17
135.0   12.0   3.28538231908e+17
140.0   12.0   3.30658193405e+17
145.0   12.0   3.32891919997e+17
150.0   12.0   3.35188112592e+17
155.0   12.0   3.374748219e+17
160.0   12.0   3.39657833518e+17
165.0   12.0   3.41619843298e+17
170.0   12.0   3.43220663509e+17
175.0   12.0   3.44301139841e+17
180.0   12.0   3.44686862264e+17
185.0   12.0   3.44197339072e+17
190.0   12.0   3.42656888921e+17
195.0   12.0   3.39905120555e+17
200.0   12.0   3.35804457579e+17
-200.0   15.0   3.35773705613e+17
-195.0   15.0   3.29050604326e+17
-190.0   15.0   3.24046658189e+17
-185.0   15.0   3.20225030649e+17
-180.0   15.0   3.17325274889e+17
-175.0   15.0   3.15169854141e+17
-170.0   15.0   3.13607104521e+17
-165.0   15.0   3.12500720945e+17
-160.0   15.0   3.11732059238e+17
-155.0   15.0   3.11202919267e+17
-150.0   15.0   3.10836816255e+17
-145.0   15.0   3.10575544805e+17
-140.0   15.0   3.10377460913e+17
-135.0   15.0   3.10212980845e+17
-130.0   15.0   3.10061523119e+17
-125.0   15.0   3.09909927953e+17
-120.0   15.0   3.09749158737e+17
-115.0   15.0   3.09573683553e+17
-110.0   15.0   3.09380478744e+17
-105.0   15.0   3.09168101202e+17
-100.0   15.0   3.08936276047e+17
-95.0   15.0   3.08685724835e+17
-90.0   15.0   3.08417512717e+17
-85.0   15.0   3.081334264e+17
-80.0   15.0   3.07835561828e+17
-75.0   15.0   3.07525980585e+17
-70.0   15.0   3.07207397091e+17
-65.0   15.0   3.06881976009e+17
-60.0   15.0   3.06552603557e+17
-55.0   15.0   3.06221547478e+17
-50.0   15.0   3.05891900148e+17
-45.0   15.0   3.0556596367e+17
-40.0   15.0   3.05246177585e+17
-35.0   15.0   3.04935118874e+17
-30.0   15.0   3.04635055278e+17
-25.0   15.0   3.04348082744e+17
-20.0   15.0   3.04076469012e+17
-15.0   15.0   3.03822275667e+17
-10.0   15.0   3.03587083258e+17
-5.0   15.0   3.03372850289e+17
0.0   15.0   3.0318108859e+17
5.0   15.0   3.03013447426e+17
10.0   15.0   3.02871232469e+17
15.0   15.0   3.02755886827e+17
20.0   15.0   3.0266885361e+17
25.0   15.0   3.02611541566e+17
30.0   15.0   3.02585531244e+17
35.0   15.0   3.02592506271e+17
40.0   15.0   3.02634356433e+17
45.0   15.0   3.02713899227e+17
50.0   15.0   3.02833711635e+17
55.0   15.0   3.02997607587e+17
60.0   15.0   3.0320988205e+17
65.0   15.0   3.03476376181e+17
70.0   15.0   3.03803721409e+17
75.0   15.0   3.04200232789e+17
80.0   15.0   3.04675634129e+17
85.0   15.0   3.05241985697e+17
90.0   15.0   3.05912481631e+17
95.0   15.0   3.06702996132e+17
100.0   15.0   3.07630124952e+17
105.0   15.0   3.08712422351e+17
110.0   15.0   3.09968476947e+17
115.0   15.0   3.1141663684e+17
120.0   15.0   3.13073325985e+17
125.0   15.0   3.14951051327e+17
130.0   15.0   3.17056272497e+17
135.0   15.0   3.19386171996e+17
140.0   15.0   3.21926146935e+17
145.0   15.0   3.24645754587e+17
150.0   15.0   3.27495791805e+17
155.0   15.0   3.30404996493e+17
160.0   15.0   3.33277848578e+17
165.0   15.0   3.35992955104e+17
170.0   15.0   3.38403153311e+17
175.0   15.0   3.40337331704e+17
180.0   15.0   3.41604037818e+17
185.0   15.0   3.41996975786e+17
190.0   15.0   3.4130304651e+17
195.0   15.0   3.39304890285e+17
200.0   15.0   3.35773705613e+17
-200.0   21.0   3.35886680433e+17
-195.0   21.0   3.2930620642e+17
-190.0   21.0   3.23934301844e+17
-185.0   21.0   3.19566251385e+17
-180.0   21.0   3.16067433587e+17
-175.0   21.0   3.13319135554e+17
-170.0   21.0   3.11198074544e+17
-165.0   21.0   3.09580761659e+17
-160.0   21.0   3.08353260006e+17
-155.0   21.0   3.07416922776e+17
-150.0   21.0   3.06691142022e+17
-145.0   21.0   3.06113005065e+17
-140.0   21.0   3.05635026744e+17
-135.0   21.0   3.05222435006e+17
-130.0   21.0   3.04849803643e+17
-125.0   21.0   3.04499299952e+17
-120.0   21.0   3.04158520067e+17
-115.0   21.0   3.03818977132e+17
-110.0   21.0   3.03475001792e+17
-105.0   21.0   3.03122986272e+17
-100.0   21.0   3.02761315666e+17
-95.0   21.0   3.02388890462e+17
-90.0   21.0   3.02006088617e+17
-85.0   21.0   3.01613666045e+17
-80.0   21.0   3.01212756617e+17
-75.0   21.0   3.00805043962e+17
-70.0   21.0   3.00392555303e+17
-65.0   21.0   2.99977352224e+17
-60.0   21.0   2.99561461951e+17
-55.0   21.0   2.99147392744e+17
-50.0   21.0   2.98737274907e+17
-45.0   21.0   2.9833368542e+17
-40.0   21.0   2.97938754587e+17
-35.0   21.0   2.97554612712e+17
-30.0   21.0   2.97183561898e+17
-25.0   21.0   2.96827491929e+17
-20.0   21.0   2.96488395671e+17
-15.0   21.0   2.96168162909e+17
-10.0   21.0   2.95868339832e+17
-5.0   21.0   2.95590541348e+17
0.0   21.0   2.95336382363e+17
5.0   21.0   2.95107031109e+17
10.0   21.0   2.94903999415e+17
15.0   21.0   2.94728592951e+17
20.0   21.0   2.94582117386e+17
25.0   21.0   2.94465981471e+17
30.0   21.0   2.94381800112e+17
35.0   21.0   2.94331119498e+17
40.0   21.0   2.94316447889e+17
45.0   21.0   2.9434005303e+17
50.0   21.0   2.94405302173e+17
55.0   21.0   2.94516112329e+17
60.0   21.0   2.94677431301e+17
65.0   21.0   2.9489551256e+17
70.0   21.0   2.95177812171e+17
75.0   21.0   2.95533607261e+17
80.0   21.0   2.95973927308e+17
85.0   21.0   2.96511897732e+17
90.0   21.0   2.97162774256e+17
95.0   21.0   2.97943942908e+17
100.0   21.0   2.9887474822e+17
105.0   21.0   2.99976218353e+17
110.0   21.0   3.01270377899e+17
115.0   21.0   3.0277918273e+17
120.0   21.0   3.04523351769e+17
125.0   21.0   3.06520374123e+17
130.0   21.0   3.0878224134e+17
135.0   21.0   3.11312492473e+17
140.0   21.0   3.14103293503e+17
145.0   21.0   3.1713200136e+17
150.0   21.0   3.20356697166e+17
155.0   21.0   3.23713712324e+17
160.0   21.0   3.27114055112e+17
165.0   21.0   3.30440971139e+17
170.0   21.0   3.33548946914e+17
175.0   21.0   3.36263744202e+17
180.0   21.0   3.38382743627e+17
185.0   21.0   3.39677521648e+17
190.0   21.0   3.39894469036e+17
195.0   21.0   3.38747266091e+17
200.0   21.0   3.35886680433e+17
-200.0   -3.0   3.35600188935e+17
-195.0   -3.0   3.3788851315e+17
-190.0   -3.0   3.40522015297e+17
-185.0   -3.0   3.43095078665e+17
-180.0   -3.0   3.45419137008e+17
-175.0   -3.0   3.47410455645e+17
-170.0   -3.0   3.4904484532e+17
-165.0   -3.0   3.50330827248e+17
-160.0   -3.0   3.51292693764e+17
-155.0   -3.0   3.51961196834e+17
-150.0   -3.0   3.52367328941e+17
-145.0   -3.0   3.52540673821e+17
-140.0   -3.0   3.52507516674e+17
-135.0   -3.0   3.52290706725e+17
-130.0   -3.0   3.51910241342e+17
-125.0   -3.0   3.51383094236e+17
-120.0   -3.0   3.50724143173e+17
-115.0   -3.0   3.49946238697e+17
-110.0   -3.0   3.49060753879e+17
-105.0   -3.0   3.48077893563e+17
-100.0   -3.0   3.47006866159e+17
-95.0   -3.0   3.45856399039e+17
-90.0   -3.0   3.44634291864e+17
-85.0   -3.0   3.43348516095e+17
-80.0   -3.0   3.42006768312e+17
-75.0   -3.0   3.40616779456e+17
-70.0   -3.0   3.39186280468e+17
-65.0   -3.0   3.37723517687e+17
-60.0   -3.0   3.36236771807e+17
-55.0   -3.0   3.34734838924e+17
-50.0   -3.0   3.33226652568e+17
-45.0   -3.0   3.3172131807e+17
-40.0   -3.0   3.3022818128e+17
-35.0   -3.0   3.28756691124e+17
-30.0   -3.0   3.27316227813e+17
-25.0   -3.0   3.25916102834e+17
-20.0   -3.0   3.24564768684e+17
-15.0   -3.0   3.23270471699e+17
-10.0   -3.0   3.22040839742e+17
-5.0   -3.0   3.20882160645e+17
0.0   -3.0   3.19799725807e+17
5.0   -3.0   3.18798070714e+17
10.0   -3.0   3.17880081584e+17
15.0   -3.0   3.17047407685e+17
20.0   -3.0   3.16300942369e+17
25.0   -3.0   3.15640376398e+17
30.0   -3.0   3.15065056939e+17
35.0   -3.0   3.14573712681e+17
40.0   -3.0   3.14165622068e+17
45.0   -3.0   3.13840785101e+17
50.0   -3.0   3.13600335652e+17
55.0   -3.0   3.13447778414e+17
60.0   -3.0   3.13388714024e+17
65.0   -3.0   3.13431972934e+17
70.0   -3.0   3.13589993371e+17
75.0   -3.0   3.13878271576e+17
80.0   -3.0   3.14315774125e+17
85.0   -3.0   3.14924559969e+17
90.0   -3.0   3.15728406048e+17
95.0   -3.0   3.16751845215e+17
100.0   -3.0   3.1801858569e+17
105.0   -3.0   3.19549277674e+17
110.0   -3.0   3.21359314332e+17
115.0   -3.0   3.2345690764e+17
120.0   -3.0   3.25840030373e+17
125.0   -3.0   3.28493942205e+17
130.0   -3.0   3.31389643516e+17
135.0   -3.0   3.34480989177e+17
140.0   -3.0   3.37703657758e+17
145.0   -3.0   3.40973536619e+17
150.0   -3.0   3.44185931639e+17
155.0   -3.0   3.47214845655e+17
160.0   -3.0   3.49913700024e+17
165.0   -3.0   3.52115746937e+17
170.0   -3.0   3.53635409446e+17
175.0   -3.0   3.54268899942e+17
180.0   -3.0   3.53796144302e+17
185.0   -3.0   3.5197751771e+17
190.0   -3.0   3.48550374325e+17
195.0   -3.0   3.43218361406e+17
200.0   -3.0   3.35600188935e+17
-200.0   24.0   3.3598821346e+17
-195.0   24.0   3.30073906054e+17
-190.0   24.0   3.25192933421e+17
-185.0   24.0   3.2120586374e+17
-180.0   24.0   3.18005151032e+17
-175.0   24.0   3.15484932942e+17
-170.0   24.0   3.13533059285e+17
-165.0   24.0   3.1203655524e+17
-160.0   24.0   3.10891482599e+17
-155.0   24.0   3.10008162445e+17
-150.0   24.0   3.09313408535e+17
-145.0   24.0   3.08750149344e+17
-140.0   24.0   3.08275022882e+17
-135.0   24.0   3.07856486909e+17
-130.0   24.0   3.07471382961e+17
-125.0   24.0   3.07103699401e+17
-120.0   24.0   3.06741856996e+17
-115.0   24.0   3.06378365324e+17
-110.0   24.0   3.06008207863e+17
-105.0   24.0   3.05628395315e+17
-100.0   24.0   3.0523769073e+17
-95.0   24.0   3.04835303834e+17
-90.0   24.0   3.04421990541e+17
-85.0   24.0   3.03998575485e+17
-80.0   24.0   3.03566604854e+17
-75.0   24.0   3.03128037154e+17
-70.0   24.0   3.02684762169e+17
-65.0   24.0   3.0223935688e+17
-60.0   24.0   3.01793882872e+17
-55.0   24.0   3.01350779686e+17
-50.0   24.0   3.00912727382e+17
-45.0   24.0   3.00481959342e+17
-40.0   24.0   3.00060880748e+17
-35.0   24.0   2.99651690624e+17
-30.0   24.0   2.99256656712e+17
-25.0   24.0   2.98877806237e+17
-20.0   24.0   2.98517200783e+17
-15.0   24.0   2.98176386538e+17
-10.0   24.0   2.97857356367e+17
-5.0   24.0   2.9756155338e+17
0.0   24.0   2.97290489404e+17
5.0   24.0   2.9704540139e+17
10.0   24.0   2.96827595008e+17
15.0   24.0   2.96638375929e+17
20.0   24.0   2.96478843664e+17
25.0   24.0   2.96350441322e+17
30.0   24.0   2.96254612011e+17
35.0   24.0   2.96192764482e+17
40.0   24.0   2.96167097758e+17
45.0   24.0   2.96179742141e+17
50.0   24.0   2.9623379001e+17
55.0   24.0   2.96332746056e+17
60.0   24.0   2.96481283205e+17
65.0   24.0   2.96685070813e+17
70.0   24.0   2.96951152627e+17
75.0   24.0   2.97287603186e+17
80.0   24.0   2.97705108366e+17
85.0   24.0   2.98215762798e+17
90.0   24.0   2.98833516534e+17
95.0   24.0   2.99574484292e+17
100.0   24.0   3.00457048532e+17
105.0   24.0   3.01500485067e+17
110.0   24.0   3.02725581538e+17
115.0   24.0   3.04153125588e+17
120.0   24.0   3.05803011505e+17
125.0   24.0   3.0769217864e+17
130.0   24.0   3.09832618542e+17
135.0   24.0   3.12229347732e+17
140.0   24.0   3.14876525055e+17
145.0   24.0   3.17754084424e+17
150.0   24.0   3.2082505476e+17
155.0   24.0   3.24031093227e+17
160.0   24.0   3.27289530296e+17
165.0   24.0   3.30490930199e+17
170.0   24.0   3.33497063709e+17
175.0   24.0   3.3614053018e+17
180.0   24.0   3.38225135507e+17
185.0   24.0   3.39526648037e+17
190.0   24.0   3.39792523692e+17
195.0   24.0   3.38732457044e+17
200.0   24.0   3.3598821346e+17
-200.0   -6.0   3.35563630173e+17
-195.0   -6.0   3.3821682045e+17
-190.0   -6.0   3.40941307185e+17
-185.0   -6.0   3.43464102255e+17
-180.0   -6.0   3.45662197797e+17
-175.0   -6.0   3.47488795849e+17
-170.0   -6.0   3.48940563514e+17
-165.0   -6.0   3.50037807399e+17
-160.0   -6.0   3.50811348189e+17
-155.0   -6.0   3.51295030226e+17
-150.0   -6.0   3.51521563981e+17
-145.0   -6.0   3.51520979866e+17
-140.0   -6.0   3.5131949436e+17
-135.0   -6.0   3.5093999105e+17
-130.0   -6.0   3.50401848827e+17
-125.0   -6.0   3.49721869605e+17
-120.0   -6.0   3.48914450113e+17
-115.0   -6.0   3.47992062937e+17
-110.0   -6.0   3.46965565753e+17
-105.0   -6.0   3.45844716728e+17
-100.0   -6.0   3.44638311954e+17
-95.0   -6.0   3.43354597769e+17
-90.0   -6.0   3.42001098955e+17
-85.0   -6.0   3.40585409015e+17
-80.0   -6.0   3.39114880932e+17
-75.0   -6.0   3.3759703949e+17
-70.0   -6.0   3.36039718708e+17
-65.0   -6.0   3.34450649528e+17
-60.0   -6.0   3.32838318805e+17
-55.0   -6.0   3.31211453913e+17
-50.0   -6.0   3.29579022743e+17
-45.0   -6.0   3.27950542943e+17
-40.0   -6.0   3.26335635239e+17
-35.0   -6.0   3.24744092158e+17
-30.0   -6.0   3.23185568786e+17
-25.0   -6.0   3.21669823287e+17
-20.0   -6.0   3.20205892274e+17
-15.0   -6.0   3.1880257184e+17
-10.0   -6.0   3.17467696004e+17
-5.0   -6.0   3.16208205435e+17
0.0   -6.0   3.15029838207e+17
5.0   -6.0   3.13937335966e+17
10.0   -6.0   3.12933997246e+17
15.0   -6.0   3.12021780552e+17
20.0   -6.0   3.11201682317e+17
25.0   -6.0   3.10473805619e+17
30.0   -6.0   3.09837360185e+17
35.0   -6.0   3.09291624461e+17
40.0   -6.0   3.08836151769e+17
45.0   -6.0   3.08471320067e+17
50.0   -6.0   3.0819908786e+17
55.0   -6.0   3.08023578317e+17
60.0   -6.0   3.07951800823e+17
65.0   -6.0   3.07993925862e+17
70.0   -6.0   3.08163972207e+17
75.0   -6.0   3.08479325886e+17
80.0   -6.0   3.08961152497e+17
85.0   -6.0   3.09633641297e+17
90.0   -6.0   3.10522424649e+17
95.0   -6.0   3.11653925193e+17
100.0   -6.0   3.13053431697e+17
105.0   -6.0   3.14742453356e+17
110.0   -6.0   3.16736864369e+17
115.0   -6.0   3.19044464398e+17
120.0   -6.0   3.21662092346e+17
125.0   -6.0   3.24573702216e+17
130.0   -6.0   3.27747717407e+17
135.0   -6.0   3.31135828128e+17
140.0   -6.0   3.34670448774e+17
145.0   -6.0   3.38264339968e+17
150.0   -6.0   3.41809131097e+17
155.0   -6.0   3.45175560823e+17
160.0   -6.0   3.48212892975e+17
165.0   -6.0   3.50749431941e+17
170.0   -6.0   3.52593759617e+17
175.0   -6.0   3.53534701052e+17
180.0   -6.0   3.53340877768e+17
185.0   -6.0   3.51757752823e+17
190.0   -6.0   3.48501274259e+17
195.0   -6.0   3.43244440447e+17
200.0   -6.0   3.35563630173e+17
-200.0   0.0   3.35724708626e+17
-195.0   0.0   3.3642946122e+17
-190.0   0.0   3.38151949264e+17
-185.0   0.0   3.40207623691e+17
-180.0   0.0   3.42268245921e+17
-175.0   0.0   3.44163494729e+17
-170.0   0.0   3.45813999122e+17
-165.0   0.0   3.47192202587e+17
-160.0   0.0   3.48299307717e+17
-155.0   0.0   3.49151051272e+17
-150.0   0.0   3.49768976806e+17
-145.0   0.0   3.50176311505e+17
-140.0   0.0   3.50395526636e+17
-135.0   0.0   3.50446791365e+17
-130.0   0.0   3.50348213276e+17
-125.0   0.0   3.50116010164e+17
-120.0   0.0   3.49763925925e+17
-115.0   0.0   3.49304604942e+17
-110.0   0.0   3.48749007973e+17
-105.0   0.0   3.4810716806e+17
-100.0   0.0   3.47388121815e+17
-95.0   0.0   3.46600459173e+17
-90.0   0.0   3.45751945434e+17
-85.0   0.0   3.4485031154e+17
-80.0   0.0   3.43902876114e+17
-75.0   0.0   3.42916889062e+17
-70.0   0.0   3.41899669007e+17
-65.0   0.0   3.40858534575e+17
-60.0   0.0   3.39800460792e+17
-55.0   0.0   3.38733247318e+17
-50.0   0.0   3.3766400662e+17
-45.0   0.0   3.36600435278e+17
-40.0   0.0   3.35549886278e+17
-35.0   0.0   3.34519540803e+17
-30.0   0.0   3.3351664876e+17
-25.0   0.0   3.32547910296e+17
-20.0   0.0   3.31619956842e+17
-15.0   0.0   3.30738629553e+17
-10.0   0.0   3.29909322908e+17
-5.0   0.0   3.29136538032e+17
0.0   0.0   3.28424432454e+17
5.0   0.0   3.27775789313e+17
10.0   0.0   3.27193219949e+17
15.0   0.0   3.26677926953e+17
20.0   0.0   3.26230769318e+17
25.0   0.0   3.25851918843e+17
30.0   0.0   3.2554103193e+17
35.0   0.0   3.25297661903e+17
40.0   0.0   3.25121465165e+17
45.0   0.0   3.25012304276e+17
50.0   0.0   3.24971244389e+17
55.0   0.0   3.24999762971e+17
60.0   0.0   3.25101433437e+17
65.0   0.0   3.25281203588e+17
70.0   0.0   3.25546082812e+17
75.0   0.0   3.25905485675e+17
80.0   0.0   3.26370304215e+17
85.0   0.0   3.26954007451e+17
90.0   0.0   3.27670992111e+17
95.0   0.0   3.28536720079e+17
100.0   0.0   3.29566000402e+17
105.0   0.0   3.30772714413e+17
110.0   0.0   3.32167307474e+17
115.0   0.0   3.33755380222e+17
120.0   0.0   3.35536176742e+17
125.0   0.0   3.3749980143e+17
130.0   0.0   3.39625466644e+17
135.0   0.0   3.41879224963e+17
140.0   0.0   3.44211701442e+17
145.0   0.0   3.46556616147e+17
150.0   0.0   3.48829237962e+17
155.0   0.0   3.50924769686e+17
160.0   0.0   3.52719000864e+17
165.0   0.0   3.54068307789e+17
170.0   0.0   3.54810856095e+17
175.0   0.0   3.5476945261e+17
180.0   0.0   3.53753675665e+17
185.0   0.0   3.51562692588e+17
190.0   0.0   3.47985225349e+17
195.0   0.0   3.42796904855e+17
200.0   0.0   3.35724708626e+17
-200.0   -9.0   3.35640046231e+17
-195.0   -9.0   3.37412699493e+17
-190.0   -9.0   3.39431712079e+17
-185.0   -9.0   3.41392587988e+17
-180.0   -9.0   3.43145896718e+17
-175.0   -9.0   3.44621922359e+17
-170.0   -9.0   3.45798812117e+17
-165.0   -9.0   3.46682166631e+17
-160.0   -9.0   3.47291433512e+17
-155.0   -9.0   3.47652245124e+17
-150.0   -9.0   3.47791092827e+17
-145.0   -9.0   3.47733712064e+17
-140.0   -9.0   3.47502642823e+17
-135.0   -9.0   3.4711832915e+17
-130.0   -9.0   3.4659819143e+17
-125.0   -9.0   3.45957588468e+17
-120.0   -9.0   3.45209405165e+17
-115.0   -9.0   3.44365323833e+17
-110.0   -9.0   3.43435308794e+17
-105.0   -9.0   3.42428465381e+17
-100.0   -9.0   3.41352868131e+17
-95.0   -9.0   3.40215801309e+17
-90.0   -9.0   3.39024789698e+17
-85.0   -9.0   3.37786464727e+17
-80.0   -9.0   3.36507629625e+17
-75.0   -9.0   3.3519498454e+17
-70.0   -9.0   3.33855573219e+17
-65.0   -9.0   3.3249613017e+17
-60.0   -9.0   3.31124283256e+17
-55.0   -9.0   3.2974741982e+17
-50.0   -9.0   3.28373167725e+17
-45.0   -9.0   3.27009601508e+17
-40.0   -9.0   3.25664623909e+17
-35.0   -9.0   3.24346309467e+17
-30.0   -9.0   3.23062629642e+17
-25.0   -9.0   3.21821212295e+17
-20.0   -9.0   3.20629479129e+17
-15.0   -9.0   3.19494199014e+17
-10.0   -9.0   3.18421625421e+17
-5.0   -9.0   3.17417221549e+17
0.0   -9.0   3.16485591603e+17
5.0   -9.0   3.15630446434e+17
10.0   -9.0   3.14854328664e+17
15.0   -9.0   3.14159299876e+17
20.0   -9.0   3.13546115985e+17
25.0   -9.0   3.13015292387e+17
30.0   -9.0   3.12566794722e+17
35.0   -9.0   3.12200416832e+17
40.0   -9.0   3.11916364875e+17
45.0   -9.0   3.11715257326e+17
50.0   -9.0   3.11599087051e+17
55.0   -9.0   3.11571461821e+17
60.0   -9.0   3.11637741756e+17
65.0   -9.0   3.11805932676e+17
70.0   -9.0   3.12086583019e+17
75.0   -9.0   3.12492818206e+17
80.0   -9.0   3.13040649874e+17
85.0   -9.0   3.13747910729e+17
90.0   -9.0   3.14634804295e+17
95.0   -9.0   3.15721293582e+17
100.0   -9.0   3.17027272878e+17
105.0   -9.0   3.18570196929e+17
110.0   -9.0   3.20363740912e+17
115.0   -9.0   3.2241539525e+17
120.0   -9.0   3.24724541467e+17
125.0   -9.0   3.27280424965e+17
130.0   -9.0   3.30059440605e+17
135.0   -9.0   3.33023380356e+17
140.0   -9.0   3.36117784033e+17
145.0   -9.0   3.39269190517e+17
150.0   -9.0   3.42384725434e+17
155.0   -9.0   3.45350761129e+17
160.0   -9.0   3.48031301758e+17
165.0   -9.0   3.50269426396e+17
170.0   -9.0   3.51886739281e+17
175.0   -9.0   3.52683472894e+17
180.0   -9.0   3.52438968996e+17
185.0   -9.0   3.50909032925e+17
190.0   -9.0   3.47820985799e+17
195.0   -9.0   3.42864181223e+17
200.0   -9.0   3.35640046231e+17
-200.0   -12.0   3.35788514661e+17
-195.0   -12.0   3.36085176642e+17
-190.0   -12.0   3.3705463666e+17
-185.0   -12.0   3.38267088747e+17
-180.0   -12.0   3.39495518114e+17
-175.0   -12.0   3.40613412201e+17
-170.0   -12.0   3.41557446013e+17
-165.0   -12.0   3.42302605659e+17
-160.0   -12.0   3.42847070073e+17
-155.0   -12.0   3.4320080358e+17
-150.0   -12.0   3.43379920896e+17
-145.0   -12.0   3.43401773689e+17
-140.0   -12.0   3.43284022866e+17
-135.0   -12.0   3.43042611344e+17
-130.0   -12.0   3.42692348171e+17
-125.0   -12.0   3.42245705932e+17
-120.0   -12.0   3.4171419514e+17
-115.0   -12.0   3.41107677038e+17
-110.0   -12.0   3.40434913361e+17
-105.0   -12.0   3.39703806848e+17
-100.0   -12.0   3.38921607404e+17
-95.0   -12.0   3.38094637221e+17
-90.0   -12.0   3.37229390289e+17
-85.0   -12.0   3.36331432887e+17
-80.0   -12.0   3.35406881047e+17
-75.0   -12.0   3.34461232327e+17
-70.0   -12.0   3.33500293524e+17
-65.0   -12.0   3.32529596556e+17
-60.0   -12.0   3.31554948217e+17
-55.0   -12.0   3.30582086585e+17
-50.0   -12.0   3.29617093333e+17
-45.0   -12.0   3.28665843976e+17
-40.0   -12.0   3.27733973512e+17
-35.0   -12.0   3.26827460534e+17
-30.0   -12.0   3.25951802602e+17
-25.0   -12.0   3.25112325474e+17
-20.0   -12.0   3.24314148752e+17
-15.0   -12.0   3.23561807921e+17
-10.0   -12.0   3.22859666667e+17
-5.0   -12.0   3.22211298404e+17
0.0   -12.0   3.21619658069e+17
5.0   -12.0   3.21087253923e+17
10.0   -12.0   3.20615941392e+17
15.0   -12.0   3.20207232304e+17
20.0   -12.0   3.19861813854e+17
25.0   -12.0   3.19580304518e+17
30.0   -12.0   3.19362807374e+17
35.0   -12.0   3.19209494221e+17
40.0   -12.0   3.19120639938e+17
45.0   -12.0   3.19096897359e+17
50.0   -12.0   3.19139881391e+17
55.0   -12.0   3.19251550541e+17
60.0   -12.0   3.1943554694e+17
65.0   -12.0   3.19696680952e+17
70.0   -12.0   3.20041446567e+17
75.0   -12.0   3.20478090122e+17
80.0   -12.0   3.21016438502e+17
85.0   -12.0   3.21668036581e+17
90.0   -12.0   3.2244559746e+17
95.0   -12.0   3.23362658877e+17
100.0   -12.0   3.24432861648e+17
105.0   -12.0   3.25668815797e+17
110.0   -12.0   3.27081207202e+17
115.0   -12.0   3.2867714833e+17
120.0   -12.0   3.30458425887e+17
125.0   -12.0   3.3242002335e+17
130.0   -12.0   3.34547853228e+17
135.0   -12.0   3.36816248795e+17
140.0   -12.0   3.39186349188e+17
145.0   -12.0   3.4160376294e+17
150.0   -12.0   3.43996025365e+17
155.0   -12.0   3.4627125852e+17
160.0   -12.0   3.48316865544e+17
165.0   -12.0   3.49998431139e+17
170.0   -12.0   3.51160099534e+17
175.0   -12.0   3.51624849355e+17
180.0   -12.0   3.51195112107e+17
185.0   -12.0   3.49653493726e+17
190.0   -12.0   3.46760335036e+17
195.0   -12.0   3.42249485504e+17
200.0   -12.0   3.35788514661e+17
-200.0   9.0   3.35869672363e+17
-195.0   9.0   3.31038761868e+17
-190.0   9.0   3.2843680196e+17
-185.0   9.0   3.27047775177e+17
-180.0   9.0   3.26410917426e+17
-175.0   9.0   3.26255714488e+17
-170.0   9.0   3.26402636729e+17
-165.0   9.0   3.26726099306e+17
-160.0   9.0   3.27136938698e+17
-155.0   9.0   3.27574544326e+17
-150.0   9.0   3.27999265052e+17
-145.0   9.0   3.28386602382e+17
-140.0   9.0   3.28722881142e+17
-135.0   9.0   3.29001607339e+17
-130.0   9.0   3.29220410153e+17
-125.0   9.0   3.29380182937e+17
-120.0   9.0   3.29483193432e+17
-115.0   9.0   3.29532946334e+17
-110.0   9.0   3.29533015053e+17
-105.0   9.0   3.2948745404e+17
-100.0   9.0   3.29400558262e+17
-95.0   9.0   3.29276485246e+17
-90.0   9.0   3.29119289443e+17
-85.0   9.0   3.28933334539e+17
-80.0   9.0   3.28722503185e+17
-75.0   9.0   3.2849071239e+17
-70.0   9.0   3.28242154042e+17
-65.0   9.0   3.27980538994e+17
-60.0   9.0   3.27709646817e+17
-55.0   9.0   3.27433119643e+17
-50.0   9.0   3.27154633963e+17
-45.0   9.0   3.26877625752e+17
-40.0   9.0   3.26605393545e+17
-35.0   9.0   3.26341098438e+17
-30.0   9.0   3.26087867166e+17
-25.0   9.0   3.25848517229e+17
-20.0   9.0   3.25625625606e+17
-15.0   9.0   3.25421837998e+17
-10.0   9.0   3.25239353427e+17
-5.0   9.0   3.25080405277e+17
0.0   9.0   3.24946402298e+17
5.0   9.0   3.24839577871e+17
10.0   9.0   3.24761237668e+17
15.0   9.0   3.24712790437e+17
20.0   9.0   3.24695404409e+17
25.0   9.0   3.24710488334e+17
30.0   9.0   3.24758695047e+17
35.0   9.0   3.24841398937e+17
40.0   9.0   3.24960008754e+17
45.0   9.0   3.2511555529e+17
50.0   9.0   3.25309687812e+17
55.0   9.0   3.25544570983e+17
60.0   9.0   3.25822472547e+17
65.0   9.0   3.26146313081e+17
70.0   9.0   3.26519975236e+17
75.0   9.0   3.26947857058e+17
80.0   9.0   3.27435249946e+17
85.0   9.0   3.27988407374e+17
90.0   9.0   3.28614819765e+17
95.0   9.0   3.29321874461e+17
100.0   9.0   3.30118642434e+17
105.0   9.0   3.31013576179e+17
110.0   9.0   3.32014922035e+17
115.0   9.0   3.33129998624e+17
120.0   9.0   3.34363100914e+17
125.0   9.0   3.35714950461e+17
130.0   9.0   3.37180393302e+17
135.0   9.0   3.38746235299e+17
140.0   9.0   3.40388562074e+17
145.0   9.0   3.42070539986e+17
150.0   9.0   3.43739014522e+17
155.0   9.0   3.45322929741e+17
160.0   9.0   3.46731232337e+17
165.0   9.0   3.47852665478e+17
170.0   9.0   3.48557452432e+17
175.0   9.0   3.48699839187e+17
180.0   9.0   3.48125413081e+17
185.0   9.0   3.4667965837e+17
190.0   9.0   3.44222078083e+17
195.0   9.0   3.40641346669e+17
200.0   9.0   3.35869672363e+17
-200.0   3.0   3.35852733012e+17
-195.0   3.0   3.34477828081e+17
-190.0   3.0   3.34858396543e+17
-185.0   3.0   3.36021198809e+17
-180.0   3.0   3.37501759935e+17
-175.0   3.0   3.39043343957e+17
-170.0   3.0   3.40506244177e+17
-165.0   3.0   3.41819748256e+17
-160.0   3.0   3.42953276025e+17
-155.0   3.0   3.43899989896e+17
-150.0   3.0   3.44665868464e+17
-145.0   3.0   3.45262697119e+17
-140.0   3.0   3.4570518183e+17
-135.0   3.0   3.46007959845e+17
-130.0   3.0   3.46185084296e+17
-125.0   3.0   3.46249646244e+17
-120.0   3.0   3.46213362361e+17
-115.0   3.0   3.46086884164e+17
-110.0   3.0   3.4587983238e+17
-105.0   3.0   3.45600934384e+17
-100.0   3.0   3.45258299073e+17
-95.0   3.0   3.44859176352e+17
-90.0   3.0   3.44410953565e+17
-85.0   3.0   3.43919918544e+17
-80.0   3.0   3.43392702719e+17
-75.0   3.0   3.42835525201e+17
-70.0   3.0   3.42254295867e+17
-65.0   3.0   3.41654855871e+17
-60.0   3.0   3.41043321248e+17
-55.0   3.0   3.40425155195e+17
-50.0   3.0   3.39806095789e+17
-45.0   3.0   3.39191709307e+17
-40.0   3.0   3.38587355869e+17
-35.0   3.0   3.37998189435e+17
-30.0   3.0   3.37429226527e+17
-25.0   3.0   3.36885105711e+17
-20.0   3.0   3.36370190671e+17
-15.0   3.0   3.35888535859e+17
-10.0   3.0   3.35443783406e+17
-5.0   3.0   3.35039197486e+17
0.0   3.0   3.34677320722e+17
5.0   3.0   3.34360661373e+17
10.0   3.0   3.3409055947e+17
15.0   3.0   3.3386862992e+17
20.0   3.0   3.33695869155e+17
25.0   3.0   3.33572586414e+17
30.0   3.0   3.33499331452e+17
35.0   3.0   3.33476138628e+17
40.0   3.0   3.33503282821e+17
45.0   3.0   3.3358097019e+17
50.0   3.0   3.33709784849e+17
55.0   3.0   3.33891032469e+17
60.0   3.0   3.34126259238e+17
65.0   3.0   3.34417973417e+17
70.0   3.0   3.34769920217e+17
75.0   3.0   3.35186222807e+17
80.0   3.0   3.35672722342e+17
85.0   3.0   3.36235947174e+17
90.0   3.0   3.36882975407e+17
95.0   3.0   3.37621606703e+17
100.0   3.0   3.38459640721e+17
105.0   3.0   3.3940401813e+17
110.0   3.0   3.40459652372e+17
115.0   3.0   3.41629567104e+17
120.0   3.0   3.42911735101e+17
125.0   3.0   3.44298872099e+17
130.0   3.0   3.45775962891e+17
135.0   3.0   3.47318234108e+17
140.0   3.0   3.48889504943e+17
145.0   3.0   3.5043954146e+17
150.0   3.0   3.51902510401e+17
155.0   3.0   3.5319484888e+17
160.0   3.0   3.5421533311e+17
165.0   3.0   3.5484435684e+17
170.0   3.0   3.54946027306e+17
175.0   3.0   3.54370776566e+17
180.0   3.0   3.52960378026e+17
185.0   3.0   3.50554612224e+17
190.0   3.0   3.4699741723e+17
195.0   3.0   3.42145066259e+17
200.0   3.0   3.35852733012e+17
-200.0   -18.0   3.3605387492e+17
-195.0   -18.0   3.3403534337e+17
-190.0   -18.0   3.33321760324e+17
-185.0   -18.0   3.33327326601e+17
-180.0   -18.0   3.33727514474e+17
-175.0   -18.0   3.3431633731e+17
-170.0   -18.0   3.3496384658e+17
-165.0   -18.0   3.3559032769e+17
-160.0   -18.0   3.36150803742e+17
-155.0   -18.0   3.36621910115e+17
-150.0   -18.0   3.36994885075e+17
-145.0   -18.0   3.37269075787e+17
-140.0   -18.0   3.37448674139e+17
-135.0   -18.0   3.37540105403e+17
-130.0   -18.0   3.37550928721e+17
-125.0   -18.0   3.37488531436e+17
-120.0   -18.0   3.37360300892e+17
-115.0   -18.0   3.37173143397e+17
-110.0   -18.0   3.36933346783e+17
-105.0   -18.0   3.36646992724e+17
-100.0   -18.0   3.36319578777e+17
-95.0   -18.0   3.35956361983e+17
-90.0   -18.0   3.35562255783e+17
-85.0   -18.0   3.35142311061e+17
-80.0   -18.0   3.34700754063e+17
-75.0   -18.0   3.34242360794e+17
-70.0   -18.0   3.3377139186e+17
-65.0   -18.0   3.33292245308e+17
-60.0   -18.0   3.32809044308e+17
-55.0   -18.0   3.32325877667e+17
-50.0   -18.0   3.31847005993e+17
-45.0   -18.0   3.31376140139e+17
-40.0   -18.0   3.30917128394e+17
-35.0   -18.0   3.3047371597e+17
-30.0   -18.0   3.30049270122e+17
-25.0   -18.0   3.29646986305e+17
-20.0   -18.0   3.29270025616e+17
-15.0   -18.0   3.28921102472e+17
-10.0   -18.0   3.28602553338e+17
-5.0   -18.0   3.28316542876e+17
0.0   -18.0   3.2806513267e+17
5.0   -18.0   3.2784976583e+17
10.0   -18.0   3.27671919824e+17
15.0   -18.0   3.27532350567e+17
20.0   -18.0   3.2743219193e+17
25.0   -18.0   3.27371856229e+17
30.0   -18.0   3.27351893221e+17
35.0   -18.0   3.27372715223e+17
40.0   -18.0   3.2743483763e+17
45.0   -18.0   3.27538844558e+17
50.0   -18.0   3.27685595e+17
55.0   -18.0   3.27876188469e+17
60.0   -18.0   3.28112342951e+17
65.0   -18.0   3.28396016951e+17
70.0   -18.0   3.28730165406e+17
75.0   -18.0   3.29118636608e+17
80.0   -18.0   3.29565725524e+17
85.0   -18.0   3.30076654834e+17
90.0   -18.0   3.30657403131e+17
95.0   -18.0   3.31314945445e+17
100.0   -18.0   3.32056119361e+17
105.0   -18.0   3.32888037346e+17
110.0   -18.0   3.33817262111e+17
115.0   -18.0   3.34848878895e+17
120.0   -18.0   3.35985842638e+17
125.0   -18.0   3.37227431784e+17
130.0   -18.0   3.38568045696e+17
135.0   -18.0   3.3999500563e+17
140.0   -18.0   3.41486836751e+17
145.0   -18.0   3.43010759867e+17
150.0   -18.0   3.44520080094e+17
155.0   -18.0   3.45952297069e+17
160.0   -18.0   3.47226974643e+17
165.0   -18.0   3.48243885459e+17
170.0   -18.0   3.48883526349e+17
175.0   -18.0   3.49007083968e+17
180.0   -18.0   3.48459424098e+17
185.0   -18.0   3.47072218381e+17
190.0   -18.0   3.44668308005e+17
195.0   -18.0   3.41064555566e+17
200.0   -18.0   3.3605387492e+17
-200.0   30.0   3.36160183951e+17
-195.0   30.0   3.31964585018e+17
-190.0   30.0   3.28566475613e+17
-185.0   30.0   3.25855492256e+17
-180.0   30.0   3.23737214385e+17
-175.0   30.0   3.22116362447e+17
-170.0   30.0   3.20896626095e+17
-165.0   30.0   3.19986848942e+17
-160.0   30.0   3.19306148165e+17
-155.0   30.0   3.18787109958e+17
-150.0   30.0   3.18376270566e+17
-145.0   30.0   3.18032535743e+17
-140.0   30.0   3.17725771999e+17
-135.0   30.0   3.17434401418e+17
-130.0   30.0   3.17143202635e+17
-125.0   30.0   3.16842280047e+17
-120.0   30.0   3.1652534582e+17
-115.0   30.0   3.16188414225e+17
-110.0   30.0   3.15829870356e+17
-105.0   30.0   3.15449233174e+17
-100.0   30.0   3.15047396034e+17
-95.0   30.0   3.14625767684e+17
-90.0   30.0   3.14186444069e+17
-85.0   30.0   3.13731727292e+17
-80.0   30.0   3.1326446921e+17
-75.0   30.0   3.12787556041e+17
-70.0   30.0   3.12304114522e+17
-65.0   30.0   3.11817133951e+17
-60.0   30.0   3.11329878501e+17
-55.0   30.0   3.1084537183e+17
-50.0   30.0   3.10366706315e+17
-45.0   30.0   3.09896493295e+17
-40.0   30.0   3.09437859507e+17
-35.0   30.0   3.08993313212e+17
-30.0   30.0   3.08565397031e+17
-25.0   30.0   3.08156378705e+17
-20.0   30.0   3.07768251101e+17
-15.0   30.0   3.0740328196e+17
-10.0   30.0   3.07062914391e+17
-5.0   30.0   3.06748900743e+17
0.0   30.0   3.06462718482e+17
5.0   30.0   3.06205467121e+17
10.0   30.0   3.05978486689e+17
15.0   30.0   3.0578263618e+17
20.0   30.0   3.05618912027e+17
25.0   30.0   3.054884481e+17
30.0   30.0   3.05392172113e+17
35.0   30.0   3.05331183578e+17
40.0   30.0   3.05306685084e+17
45.0   30.0   3.05320600778e+17
50.0   30.0   3.05374923525e+17
55.0   30.0   3.05471886706e+17
60.0   30.0   3.05615029376e+17
65.0   30.0   3.05808371624e+17
70.0   30.0   3.06056895612e+17
75.0   30.0   3.06366820452e+17
80.0   30.0   3.06745705287e+17
85.0   30.0   3.07202414929e+17
90.0   30.0   3.0774739474e+17
95.0   30.0   3.08392567547e+17
100.0   30.0   3.09151333649e+17
105.0   30.0   3.10038227216e+17
110.0   30.0   3.11068778849e+17
115.0   30.0   3.1225845043e+17
120.0   30.0   3.13622051007e+17
125.0   30.0   3.15172259323e+17
130.0   30.0   3.16918524306e+17
135.0   30.0   3.18863732174e+17
140.0   30.0   3.21003038204e+17
145.0   30.0   3.23320499478e+17
150.0   30.0   3.2578536403e+17
155.0   30.0   3.28349528225e+17
160.0   30.0   3.30944135148e+17
165.0   30.0   3.33476550945e+17
170.0   30.0   3.35828578116e+17
175.0   30.0   3.3785573396e+17
180.0   30.0   3.39386357225e+17
185.0   30.0   3.40223257372e+17
190.0   30.0   3.40143542779e+17
195.0   30.0   3.38892435986e+17
200.0   30.0   3.36160183951e+17
-200.0   27.0   3.36083699173e+17
-195.0   27.0   3.31012304869e+17
-190.0   27.0   3.26843128575e+17
-185.0   27.0   3.23460377973e+17
-180.0   27.0   3.20766952442e+17
-175.0   27.0   3.18663964655e+17
-170.0   27.0   3.17047407685e+17
-165.0   27.0   3.15815679784e+17
-160.0   27.0   3.14876731213e+17
-155.0   27.0   3.14151912532e+17
-150.0   27.0   3.13577898743e+17
-145.0   27.0   3.13105452341e+17
-140.0   27.0   3.12697945844e+17
-135.0   27.0   3.12328372498e+17
-130.0   27.0   3.11977525209e+17
-125.0   27.0   3.11632141119e+17
-120.0   27.0   3.11283149257e+17
-115.0   27.0   3.10924811545e+17
-110.0   27.0   3.10553348414e+17
-105.0   27.0   3.10167282393e+17
-100.0   27.0   3.0976578885e+17
-95.0   27.0   3.09349451901e+17
-90.0   27.0   3.08919302336e+17
-85.0   27.0   3.08477126863e+17
-80.0   27.0   3.08024746548e+17
-75.0   27.0   3.07564669651e+17
-70.0   27.0   3.07099335714e+17
-65.0   27.0   3.06631184279e+17
-60.0   27.0   3.06163204642e+17
-55.0   27.0   3.05697870706e+17
-50.0   27.0   3.05237965608e+17
-45.0   27.0   3.04786100688e+17
-40.0   27.0   3.04344749849e+17
-35.0   27.0   3.0391645571e+17
-30.0   27.0   3.03503451655e+17
-25.0   27.0   3.03108005426e+17
-20.0   27.0   3.02732041169e+17
-15.0   27.0   3.02377379949e+17
-10.0   27.0   3.02045945913e+17
-5.0   27.0   3.0173911345e+17
0.0   27.0   3.01458291308e+17
5.0   27.0   3.01204922597e+17
10.0   27.0   3.00980312987e+17
15.0   27.0   3.00785321472e+17
20.0   27.0   3.00621322441e+17
25.0   27.0   3.00489277966e+17
30.0   27.0   3.00390493719e+17
35.0   27.0   3.00326378447e+17
40.0   27.0   3.00298650138e+17
45.0   27.0   3.00309061139e+17
50.0   27.0   3.00360428948e+17
55.0   27.0   3.00455639783e+17
60.0   27.0   3.00598885532e+17
65.0   27.0   3.00794873479e+17
70.0   27.0   3.01049685299e+17
75.0   27.0   3.01370742694e+17
80.0   27.0   3.01766979197e+17
85.0   27.0   3.02249080686e+17
90.0   27.0   3.02829382308e+17
95.0   27.0   3.03521799755e+17
100.0   27.0   3.04342585185e+17
105.0   27.0   3.05308643589e+17
110.0   27.0   3.06438357427e+17
115.0   27.0   3.07750280958e+17
120.0   27.0   3.09261731489e+17
125.0   27.0   3.10988102183e+17
130.0   27.0   3.12940456877e+17
135.0   27.0   3.15123056178e+17
140.0   27.0   3.17531158441e+17
145.0   27.0   3.20147274561e+17
150.0   27.0   3.22937903791e+17
155.0   27.0   3.25850269575e+17
160.0   27.0   3.28808746128e+17
165.0   27.0   3.31712040941e+17
170.0   27.0   3.34431786031e+17
175.0   27.0   3.36811507151e+17
180.0   27.0   3.38665902231e+17
185.0   27.0   3.39781872173e+17
190.0   27.0   3.39919036249e+17
195.0   27.0   3.38800248808e+17
200.0   27.0   3.36083699173e+17
-200.0   -15.0   3.35941312417e+17
-195.0   -15.0   3.34866849039e+17
-190.0   -15.0   3.34873136871e+17
-185.0   -15.0   3.35414165311e+17
-180.0   -15.0   3.36192756982e+17
-175.0   -15.0   3.37029073014e+17
-170.0   -15.0   3.37818488003e+17
-165.0   -15.0   3.38504789418e+17
-160.0   -15.0   3.39062276173e+17
-155.0   -15.0   3.39483835803e+17
-150.0   -15.0   3.39772938641e+17
-145.0   -15.0   3.39937968465e+17
-140.0   -15.0   3.39989886029e+17
-135.0   -15.0   3.39940270567e+17
-130.0   -15.0   3.39800082835e+17
-125.0   -15.0   3.39579458954e+17
-120.0   -15.0   3.39287538617e+17
-115.0   -15.0   3.38932705599e+17
-110.0   -15.0   3.38522209805e+17
-105.0   -15.0   3.380631637e+17
-100.0   -15.0   3.37561339721e+17
-95.0   -15.0   3.37022853902e+17
-90.0   -15.0   3.36452757123e+17
-85.0   -15.0   3.35856237705e+17
-80.0   -15.0   3.35238415249e+17
-75.0   -15.0   3.34603825241e+17
-70.0   -15.0   3.33957518563e+17
-65.0   -15.0   3.33304030699e+17
-60.0   -15.0   3.32648103293e+17
-55.0   -15.0   3.31994168753e+17
-50.0   -15.0   3.31347209239e+17
-45.0   -15.0   3.3071148536e+17
-40.0   -15.0   3.30091429521e+17
-35.0   -15.0   3.2949140541e+17
-30.0   -15.0   3.28915604914e+17
-25.0   -15.0   3.28367738886e+17
-20.0   -15.0   3.27851586896e+17
-15.0   -15.0   3.2737037876e+17
-10.0   -15.0   3.26927275574e+17
-5.0   -15.0   3.26524751239e+17
0.0   -15.0   3.26164936059e+17
5.0   -15.0   3.25849788539e+17
10.0   -15.0   3.25580786147e+17
15.0   -15.0   3.25358994036e+17
20.0   -15.0   3.25185202479e+17
25.0   -15.0   3.25059892514e+17
30.0   -15.0   3.24983510815e+17
35.0   -15.0   3.24956297902e+17
40.0   -15.0   3.24978631732e+17
45.0   -15.0   3.25051096421e+17
50.0   -15.0   3.25174757119e+17
55.0   -15.0   3.25350919498e+17
60.0   -15.0   3.2558178258e+17
65.0   -15.0   3.25870507461e+17
70.0   -15.0   3.26220804994e+17
75.0   -15.0   3.26637897858e+17
80.0   -15.0   3.27127730288e+17
85.0   -15.0   3.27697792707e+17
90.0   -15.0   3.28356400172e+17
95.0   -15.0   3.29112176978e+17
100.0   -15.0   3.29974572051e+17
105.0   -15.0   3.30952484565e+17
110.0   -15.0   3.32053885978e+17
115.0   -15.0   3.33284823605e+17
120.0   -15.0   3.34647668268e+17
125.0   -15.0   3.361405989e+17
130.0   -15.0   3.37754750689e+17
135.0   -15.0   3.39473253003e+17
140.0   -15.0   3.41268171376e+17
145.0   -15.0   3.43098823876e+17
150.0   -15.0   3.44908894894e+17
155.0   -15.0   3.46624888947e+17
160.0   -15.0   3.48153381908e+17
165.0   -15.0   3.4938108972e+17
170.0   -15.0   3.50173631445e+17
175.0   -15.0   3.50376800578e+17
180.0   -15.0   3.49817698915e+17
185.0   -15.0   3.48307725853e+17
190.0   -15.0   3.45643677899e+17
195.0   -15.0   3.41608160987e+17
200.0   -15.0   3.35941312417e+17
-200.0   -24.0   3.36163826083e+17
-195.0   -24.0   3.33564168278e+17
-190.0   -24.0   3.32194932704e+17
-185.0   -24.0   3.31590441827e+17
-180.0   -24.0   3.31480593743e+17
-175.0   -24.0   3.31678230958e+17
-170.0   -24.0   3.32050896681e+17
-165.0   -24.0   3.32504720105e+17
-160.0   -24.0   3.32975414161e+17
-155.0   -24.0   3.33421128687e+17
-150.0   -24.0   3.33815647203e+17
-145.0   -24.0   3.34144744777e+17
-140.0   -24.0   3.34401377663e+17
-135.0   -24.0   3.34584205831e+17
-130.0   -24.0   3.34694294433e+17
-125.0   -24.0   3.34735251241e+17
-120.0   -24.0   3.34711405582e+17
-115.0   -24.0   3.34627739619e+17
-110.0   -24.0   3.34489235514e+17
-105.0   -24.0   3.34301390824e+17
-100.0   -24.0   3.34069256432e+17
-95.0   -24.0   3.33798055017e+17
-90.0   -24.0   3.334929749e+17
-85.0   -24.0   3.33158654646e+17
-80.0   -24.0   3.32800145136e+17
-75.0   -24.0   3.32422050574e+17
-70.0   -24.0   3.32029043887e+17
-65.0   -24.0   3.31625316961e+17
-60.0   -24.0   3.31215233484e+17
-55.0   -24.0   3.30803157142e+17
-50.0   -24.0   3.30392695707e+17
-45.0   -24.0   3.29987903629e+17
-40.0   -24.0   3.29592251242e+17
-35.0   -24.0   3.2920900272e+17
-30.0   -24.0   3.28841490959e+17
-25.0   -24.0   3.28492808334e+17
-20.0   -24.0   3.28165188228e+17
-15.0   -24.0   3.27861345062e+17
-10.0   -24.0   3.27583409138e+17
-5.0   -24.0   3.27333510761e+17
0.0   -24.0   3.2711302432e+17
5.0   -24.0   3.26923633442e+17
10.0   -24.0   3.26766437639e+17
15.0   -24.0   3.26642502063e+17
20.0   -24.0   3.26552788786e+17
25.0   -24.0   3.26497881924e+17
30.0   -24.0   3.26478434312e+17
35.0   -24.0   3.26495098785e+17
40.0   -24.0   3.26548562538e+17
45.0   -24.0   3.26639409686e+17
50.0   -24.0   3.26768499223e+17
55.0   -24.0   3.269370681e+17
60.0   -24.0   3.27146696864e+17
65.0   -24.0   3.27399206581e+17
70.0   -24.0   3.27697036793e+17
75.0   -24.0   3.28043417316e+17
80.0   -24.0   3.28441921561e+17
85.0   -24.0   3.28897325533e+17
90.0   -24.0   3.29414645754e+17
95.0   -24.0   3.29999792099e+17
100.0   -24.0   3.30659121118e+17
105.0   -24.0   3.31399126804e+17
110.0   -24.0   3.32226028267e+17
115.0   -24.0   3.33145666665e+17
120.0   -24.0   3.34161684128e+17
125.0   -24.0   3.35275626846e+17
130.0   -24.0   3.3648467732e+17
135.0   -24.0   3.37780383054e+17
140.0   -24.0   3.3914666369e+17
145.0   -24.0   3.40557302749e+17
150.0   -24.0   3.41973851682e+17
155.0   -24.0   3.43342949817e+17
160.0   -24.0   3.4459412533e+17
165.0   -24.0   3.45638695736e+17
170.0   -24.0   3.46368049903e+17
175.0   -24.0   3.46656225028e+17
180.0   -24.0   3.46360456401e+17
185.0   -24.0   3.45326228276e+17
190.0   -24.0   3.43392874517e+17
195.0   -24.0   3.40397152008e+17
200.0   -24.0   3.36163826083e+17
-200.0   6.0   3.35904375698e+17
-195.0   6.0   3.32624773031e+17
-190.0   6.0   3.31536703196e+17
-185.0   6.0   3.31536393958e+17
-180.0   6.0   3.32111026223e+17
-175.0   6.0   3.3296892017e+17
-170.0   6.0   3.33935459611e+17
-165.0   6.0   3.34905228866e+17
-160.0   6.0   3.35816517847e+17
-155.0   6.0   3.36635791449e+17
-150.0   6.0   3.37347862667e+17
-145.0   6.0   3.37948608333e+17
-140.0   6.0   3.38440330548e+17
-135.0   6.0   3.38828492513e+17
-130.0   6.0   3.39120756447e+17
-125.0   6.0   3.39324578415e+17
-120.0   6.0   3.39448307833e+17
-115.0   6.0   3.39499160246e+17
-110.0   6.0   3.39484248119e+17
-105.0   6.0   3.39410512121e+17
-100.0   6.0   3.39284240082e+17
-95.0   6.0   3.3911117008e+17
-90.0   6.0   3.3889717763e+17
-85.0   6.0   3.38647760289e+17
-80.0   6.0   3.38368106378e+17
-75.0   6.0   3.38063094981e+17
-70.0   6.0   3.37737742618e+17
-65.0   6.0   3.37396962733e+17
-60.0   6.0   3.37045084652e+17
-55.0   6.0   3.3668681566e+17
-50.0   6.0   3.36326588163e+17
-45.0   6.0   3.3596849097e+17
-40.0   6.0   3.3561661289e+17
-35.0   6.0   3.3527504273e+17
-30.0   6.0   3.34947319546e+17
-25.0   6.0   3.34636982389e+17
-20.0   6.0   3.34347329794e+17
-15.0   6.0   3.34081419779e+17
-10.0   6.0   3.33841829324e+17
-5.0   6.0   3.33631032329e+17
0.0   6.0   3.33451262178e+17
5.0   6.0   3.33304236857e+17
10.0   6.0   3.33191743074e+17
15.0   6.0   3.33114983418e+17
20.0   6.0   3.33075126122e+17
25.0   6.0   3.33072824019e+17
30.0   6.0   3.33109176622e+17
35.0   6.0   3.33184527529e+17
40.0   6.0   3.3329997625e+17
45.0   6.0   3.33456038181e+17
50.0   6.0   3.33653537957e+17
55.0   6.0   3.33893987406e+17
60.0   6.0   3.34178692199e+17
65.0   6.0   3.34509988796e+17
70.0   6.0   3.34890419819e+17
75.0   6.0   3.35323455602e+17
80.0   6.0   3.35812875715e+17
85.0   6.0   3.36363559242e+17
90.0   6.0   3.36980694503e+17
95.0   6.0   3.37670191373e+17
100.0   6.0   3.3843751305e+17
105.0   6.0   3.39288397611e+17
110.0   6.0   3.40227311821e+17
115.0   6.0   3.41256763943e+17
120.0   6.0   3.42376582176e+17
125.0   6.0   3.43582024877e+17
130.0   6.0   3.44862303088e+17
135.0   6.0   3.46198931271e+17
140.0   6.0   3.47562669286e+17
145.0   6.0   3.48912148011e+17
150.0   6.0   3.50191017473e+17
155.0   6.0   3.51326297588e+17
160.0   6.0   3.52227106849e+17
165.0   6.0   3.52784421805e+17
170.0   6.0   3.52872760693e+17
175.0   6.0   3.52353859924e+17
180.0   6.0   3.51082377806e+17
185.0   6.0   3.48915377826e+17
190.0   6.0   3.45724079686e+17
195.0   6.0   3.4140818731e+17
200.0   6.0   3.35904375698e+17
-200.0   -21.0   3.36121907202e+17
-195.0   -21.0   3.33614574014e+17
-190.0   -21.0   3.32439264803e+17
-185.0   -21.0   3.32048457139e+17
-180.0   -21.0   3.32133944168e+17
-175.0   -21.0   3.32491079289e+17
-170.0   -21.0   3.32982457907e+17
-165.0   -21.0   3.33516717479e+17
-160.0   -21.0   3.3403541209e+17
-155.0   -21.0   3.34503391726e+17
-150.0   -21.0   3.34901380576e+17
-145.0   -21.0   3.35220616905e+17
-140.0   -21.0   3.3545900477e+17
-135.0   -21.0   3.35618330876e+17
-130.0   -21.0   3.35702718394e+17
-125.0   -21.0   3.35716943326e+17
-120.0   -21.0   3.35667156065e+17
-115.0   -21.0   3.3555871673e+17
-110.0   -21.0   3.35397432118e+17
-105.0   -21.0   3.35188593629e+17
-100.0   -21.0   3.34937664459e+17
-95.0   -21.0   3.34649558053e+17
-90.0   -21.0   3.34329394011e+17
-85.0   -21.0   3.33981673459e+17
-80.0   -21.0   3.33611275479e+17
-75.0   -21.0   3.33222632478e+17
-70.0   -21.0   3.32819936345e+17
-65.0   -21.0   3.32407585125e+17
-60.0   -21.0   3.31989976865e+17
-55.0   -21.0   3.31570547538e+17
-50.0   -21.0   3.31153763912e+17
-45.0   -21.0   3.30743027599e+17
-40.0   -21.0   3.30342324331e+17
-35.0   -21.0   3.29954609043e+17
-30.0   -21.0   3.2958328335e+17
-25.0   -21.0   3.2923137091e+17
-20.0   -21.0   3.2890168922e+17
-15.0   -21.0   3.28596643463e+17
-10.0   -21.0   3.283185701e+17
-5.0   -21.0   3.28069393278e+17
0.0   -21.0   3.27850968421e+17
5.0   -21.0   3.2766463556e+17
10.0   -21.0   3.27511837803e+17
15.0   -21.0   3.27393605944e+17
20.0   -21.0   3.27310524096e+17
25.0   -21.0   3.27263657413e+17
30.0   -21.0   3.27253280772e+17
35.0   -21.0   3.27280150087e+17
40.0   -21.0   3.27344849475e+17
45.0   -21.0   3.2744789433e+17
50.0   -21.0   3.27590246726e+17
55.0   -21.0   3.27773040534e+17
60.0   -21.0   3.27997650144e+17
65.0   -21.0   3.28266240219e+17
70.0   -21.0   3.28581215941e+17
75.0   -21.0   3.28945875844e+17
80.0   -21.0   3.2936396514e+17
85.0   -21.0   3.29840328553e+17
90.0   -21.0   3.30380188762e+17
95.0   -21.0   3.30989524362e+17
100.0   -21.0   3.31674829344e+17
105.0   -21.0   3.32442597698e+17
110.0   -21.0   3.33298979817e+17
115.0   -21.0   3.3424947326e+17
120.0   -21.0   3.35297136042e+17
125.0   -21.0   3.36442861518e+17
130.0   -21.0   3.37682457799e+17
135.0   -21.0   3.39005994921e+17
140.0   -21.0   3.40395365302e+17
145.0   -21.0   3.41822084718e+17
150.0   -21.0   3.43244646606e+17
155.0   -21.0   3.44606529196e+17
160.0   -21.0   3.45833687252e+17
165.0   -21.0   3.46833143321e+17
170.0   -21.0   3.47492953377e+17
175.0   -21.0   3.47682481694e+17
180.0   -21.0   3.47255252707e+17
185.0   -21.0   3.46052833663e+17
190.0   -21.0   3.43910469616e+17
195.0   -21.0   3.40660759921e+17
200.0   -21.0   3.36121907202e+17
-200.0   -27.0   3.36198117102e+17
-195.0   -27.0   3.33827673111e+17
-190.0   -27.0   3.32535781308e+17
-185.0   -27.0   3.31941907591e+17
-180.0   -27.0   3.31816013509e+17
-175.0   -27.0   3.31992175888e+17
-170.0   -27.0   3.32348005338e+17
-165.0   -27.0   3.32793582425e+17
-160.0   -27.0   3.33264688798e+17
-155.0   -27.0   3.33717756308e+17
-150.0   -27.0   3.34124438172e+17
-145.0   -27.0   3.34468172994e+17
-140.0   -27.0   3.34740061604e+17
-135.0   -27.0   3.34937080344e+17
-130.0   -27.0   3.35059401012e+17
-125.0   -27.0   3.35109772389e+17
-120.0   -27.0   3.35092077124e+17
-115.0   -27.0   3.3501109122e+17
-110.0   -27.0   3.34872071719e+17
-105.0   -27.0   3.34680516177e+17
-100.0   -27.0   3.34441715996e+17
-95.0   -27.0   3.34161512329e+17
-90.0   -27.0   3.3384488734e+17
-85.0   -27.0   3.33497304227e+17
-80.0   -27.0   3.33124157468e+17
-75.0   -27.0   3.32730085629e+17
-70.0   -27.0   3.32320277029e+17
-65.0   -27.0   3.31899164076e+17
-60.0   -27.0   3.31471488413e+17
-55.0   -27.0   3.31041613726e+17
-50.0   -27.0   3.30613525746e+17
-45.0   -27.0   3.30191175841e+17
-40.0   -27.0   3.29778274866e+17
-35.0   -27.0   3.2937846495e+17
-30.0   -27.0   3.28994563593e+17
-25.0   -27.0   3.2862993805e+17
-20.0   -27.0   3.28286993501e+17
-15.0   -27.0   3.27968306928e+17
-10.0   -27.0   3.27675939914e+17
-5.0   -27.0   3.27411988404e+17
0.0   -27.0   3.27177895506e+17
5.0   -27.0   3.2697513869e+17
10.0   -27.0   3.26805057985e+17
15.0   -27.0   3.26668340586e+17
20.0   -27.0   3.26566189084e+17
25.0   -27.0   3.26499015795e+17
30.0   -27.0   3.26467439196e+17
35.0   -27.0   3.26472009041e+17
40.0   -27.0   3.26513481245e+17
45.0   -27.0   3.26592233766e+17
50.0   -27.0   3.26709297394e+17
55.0   -27.0   3.26865702923e+17
60.0   -27.0   3.27062824742e+17
65.0   -27.0   3.27302552637e+17
70.0   -27.0   3.2758708563e+17
75.0   -27.0   3.2791944738e+17
80.0   -27.0   3.28303108218e+17
85.0   -27.0   3.28742569272e+17
90.0   -27.0   3.29242469105e+17
95.0   -27.0   3.29808614514e+17
100.0   -27.0   3.30446812295e+17
105.0   -27.0   3.31163625157e+17
110.0   -27.0   3.31964997335e+17
115.0   -27.0   3.32856357667e+17
120.0   -27.0   3.33841726244e+17
125.0   -27.0   3.34922477455e+17
130.0   -27.0   3.36096377916e+17
135.0   -27.0   3.37355559248e+17
140.0   -27.0   3.38685006245e+17
145.0   -27.0   3.40060254773e+17
150.0   -27.0   3.41444574273e+17
155.0   -27.0   3.42787181049e+17
160.0   -27.0   3.44020730016e+17
165.0   -27.0   3.45059699785e+17
170.0   -27.0   3.45799636751e+17
175.0   -27.0   3.46117979727e+17
180.0   -27.0   3.45876327687e+17
185.0   -27.0   3.44923635221e+17
190.0   -27.0   3.43102019332e+17
195.0   -27.0   3.40250985681e+17
200.0   -27.0   3.36198117102e+17
-200.0   -30.0   3.36230965012e+17
-195.0   -30.0   3.34321216393e+17
-190.0   -30.0   3.33335641658e+17
-185.0   -30.0   3.32962151302e+17
-180.0   -30.0   3.33002249117e+17
-175.0   -30.0   3.33308016428e+17
-170.0   -30.0   3.33767612289e+17
-165.0   -30.0   3.34297920491e+17
-160.0   -30.0   3.3483912073e+17
-155.0   -30.0   3.35350118759e+17
-150.0   -30.0   3.35804526299e+17
-145.0   -30.0   3.36186709669e+17
-140.0   -30.0   3.36488697409e+17
-135.0   -30.0   3.3670791254e+17
-130.0   -30.0   3.36845214054e+17
-125.0   -30.0   3.36903728689e+17
-120.0   -30.0   3.36887991929e+17
-115.0   -30.0   3.36803432612e+17
-110.0   -30.0   3.36655994975e+17
-105.0   -30.0   3.36451588892e+17
-100.0   -30.0   3.36196192956e+17
-95.0   -30.0   3.3589623244e+17
-90.0   -30.0   3.35557342341e+17
-85.0   -30.0   3.35185569972e+17
-80.0   -30.0   3.3478655033e+17
-75.0   -30.0   3.34365643535e+17
-70.0   -30.0   3.33928312785e+17
-65.0   -30.0   3.33479471523e+17
-60.0   -30.0   3.3302410191e+17
-55.0   -30.0   3.32566842512e+17
-50.0   -30.0   3.32112091375e+17
-45.0   -30.0   3.31663868588e+17
-40.0   -30.0   3.312262286e+17
-35.0   -30.0   3.30802538666e+17
-30.0   -30.0   3.3039626912e+17
-25.0   -30.0   3.30010443618e+17
-20.0   -30.0   3.2964770786e+17
-15.0   -30.0   3.29310673186e+17
-10.0   -30.0   3.29001298102e+17
-5.0   -30.0   3.2872174727e+17
0.0   -30.0   3.28473463801e+17
5.0   -30.0   3.28257719004e+17
10.0   -30.0   3.28075852909e+17
15.0   -30.0   3.27928758869e+17
20.0   -30.0   3.2781691792e+17
25.0   -30.0   3.27741085978e+17
30.0   -30.0   3.27701606638e+17
35.0   -30.0   3.27699029658e+17
40.0   -30.0   3.27733836073e+17
45.0   -30.0   3.27806369481e+17
50.0   -30.0   3.27917248356e+17
55.0   -30.0   3.28067366053e+17
60.0   -30.0   3.28257753364e+17
65.0   -30.0   3.28490162634e+17
70.0   -30.0   3.28766346211e+17
75.0   -30.0   3.29088812355e+17
80.0   -30.0   3.29460722164e+17
85.0   -30.0   3.29885717767e+17
90.0   -30.0   3.30368231573e+17
95.0   -30.0   3.30913005225e+17
100.0   -30.0   3.31525398842e+17
105.0   -30.0   3.32210841263e+17
110.0   -30.0   3.32974623887e+17
115.0   -30.0   3.338212822e+17
120.0   -30.0   3.34753977298e+17
125.0   -30.0   3.35773533815e+17
130.0   -30.0   3.3687730605e+17
135.0   -30.0   3.38057288185e+17
140.0   -30.0   3.3929898041e+17
145.0   -30.0   3.40578674506e+17
150.0   -30.0   3.41861632777e+17
155.0   -30.0   3.43099545431e+17
160.0   -30.0   3.44228640793e+17
165.0   -30.0   3.45167520644e+17
170.0   -30.0   3.45817228937e+17
175.0   -30.0   3.46060942561e+17
180.0   -30.0   3.45766651402e+17
185.0   -30.0   3.44789975839e+17
190.0   -30.0   3.42979526865e+17
195.0   -30.0   3.40181613369e+17
200.0   -30.0   3.36230965012e+17
