-200.0   18.0   33.5805247853
-195.0   18.0   32.8907289858
-190.0   18.0   32.3448352065
-185.0   18.0   31.9093804982
-180.0   18.0   31.5659342974
-175.0   18.0   31.3002785442
-170.0   18.0   31.0987792946
-165.0   18.0   30.9482630247
-160.0   18.0   30.836714134
-155.0   18.0   30.7539174725
-150.0   18.0   30.691602651
-145.0   18.0   30.6433925021
-140.0   18.0   30.6045144581
-135.0   18.0   30.5714947496
-130.0   18.0   30.541886963
-125.0   18.0   30.5139628036
-120.0   18.0   30.4865471684
-115.0   18.0   30.4588360394
-110.0   18.0   30.4303312004
-105.0   18.0   30.4007302858
-100.0   18.0   30.3698752408
-95.0   18.0   30.3377351415
-90.0   18.0   30.3043237319
-85.0   18.0   30.2697578351
-80.0   18.0   30.234185198
-75.0   18.0   30.1977570034
-70.0   18.0   30.1607000255
-65.0   18.0   30.1232238589
-60.0   18.0   30.0855518418
-55.0   18.0   30.0479279283
-50.0   18.0   30.0105823286
-45.0   18.0   29.973755561
-40.0   18.0   29.9376778358
-35.0   18.0   29.902575927
-30.0   18.0   29.8686731732
-25.0   18.0   29.8361619887
-20.0   18.0   29.8052554041
-15.0   18.0   29.7761320898
-10.0   18.0   29.7489707167
-5.0   18.0   29.7239259034
0.0   18.0   29.7011591407
5.0   18.0   29.6808147396
10.0   18.0   29.663040447
15.0   18.0   29.6479633938
20.0   18.0   29.635721019
25.0   18.0   29.6264713774
30.0   18.0   29.6203690879
35.0   18.0   29.617592821
40.0   18.0   29.6183659151
45.0   18.0   29.6229426323
50.0   18.0   29.6316562619
55.0   18.0   29.6448985051
60.0   18.0   29.6631778859
65.0   18.0   29.6871025718
70.0   18.0   29.7174250409
75.0   18.0   29.7550833141
80.0   18.0   29.8011734672
85.0   18.0   29.8569977341
90.0   18.0   29.9240885592
95.0   18.0   30.0041398777
100.0   18.0   30.0991101945
105.0   18.0   30.2110473502
110.0   18.0   30.3421057002
115.0   18.0   30.4944224204
120.0   18.0   30.6699663237
125.0   18.0   30.870338574
130.0   18.0   31.0965390396
135.0   18.0   31.3487051595
140.0   18.0   31.6257339861
145.0   18.0   31.9249592036
150.0   18.0   32.241807531
155.0   18.0   32.5694379442
160.0   18.0   32.8984771068
165.0   18.0   33.2167994669
170.0   18.0   33.5095375658
175.0   18.0   33.7590648578
180.0   18.0   33.9452808959
185.0   18.0   34.0458793379
190.0   18.0   34.0368186749
195.0   18.0   33.8918686826
200.0   18.0   33.5805247853
-200.0   12.0   33.5804457579
-195.0   12.0   32.9794217784
-190.0   12.0   32.5798214572
-185.0   12.0   32.3027926306
-180.0   12.0   32.1123812685
-175.0   12.0   31.9861848214
-170.0   12.0   31.907442609
-165.0   12.0   31.8626478181
-160.0   12.0   31.8409633872
-155.0   12.0   31.8340055402
-150.0   12.0   31.8355963961
-145.0   12.0   31.8412966767
-140.0   12.0   31.8481445725
-135.0   12.0   31.8541781426
-130.0   12.0   31.8581604362
-125.0   12.0   31.859380207
-120.0   12.0   31.8575110372
-115.0   12.0   31.8523398966
-110.0   12.0   31.8439183247
-105.0   12.0   31.8323528368
-100.0   12.0   31.8178049235
-95.0   12.0   31.8005116672
-90.0   12.0   31.7807410738
-85.0   12.0   31.758781765
-80.0   12.0   31.7349120547
-75.0   12.0   31.7094274368
-70.0   12.0   31.6826577646
-65.0   12.0   31.6549088399
-60.0   12.0   31.6264727204
-55.0   12.0   31.5976895676
-50.0   12.0   31.5688239514
-45.0   12.0   31.5401919814
-40.0   12.0   31.5120754075
-35.0   12.0   31.4847525436
-30.0   12.0   31.4584639077
-25.0   12.0   31.4334637621
-20.0   12.0   31.4100063687
-15.0   12.0   31.3882841421
-10.0   12.0   31.3685032407
-5.0   12.0   31.350869823
0.0   12.0   31.3355247639
5.0   12.0   31.3226707857
10.0   12.0   31.3124247117
15.0   12.0   31.3049308528
20.0   12.0   31.3003266479
25.0   12.0   31.2987460999
30.0   12.0   31.3003266479
35.0   12.0   31.3052263466
40.0   12.0   31.3135963788
45.0   12.0   31.3256360312
50.0   12.0   31.3415961296
55.0   12.0   31.3617584241
60.0   12.0   31.386463076
65.0   12.0   31.4161670698
70.0   12.0   31.4513823657
75.0   12.0   31.4927927223
80.0   12.0   31.5411437462
85.0   12.0   31.597370022
90.0   12.0   31.6625229579
95.0   12.0   31.7377982727
100.0   12.0   31.8245050725
105.0   12.0   31.9240143108
110.0   12.0   32.037724429
115.0   12.0   32.1669651489
120.0   12.0   32.3128016224
125.0   12.0   32.4759794559
130.0   12.0   32.6565708048
135.0   12.0   32.8538231908
140.0   12.0   33.0658193405
145.0   12.0   33.2891919997
150.0   12.0   33.5188112592
155.0   12.0   33.74748219
160.0   12.0   33.9657833518
165.0   12.0   34.1619843298
170.0   12.0   34.3220663509
175.0   12.0   34.4301139841
180.0   12.0   34.4686862264
185.0   12.0   34.4197339072
190.0   12.0   34.2656888921
195.0   12.0   33.9905120555
200.0   12.0   33.5804457579
-200.0   15.0   33.5773705613
-195.0   15.0   32.9050604326
-190.0   15.0   32.4046658189
-185.0   15.0   32.0225030649
-180.0   15.0   31.7325274889
-175.0   15.0   31.5169854141
-170.0   15.0   31.3607104521
-165.0   15.0   31.2500720945
-160.0   15.0   31.1732059238
-155.0   15.0   31.1202919267
-150.0   15.0   31.0836816255
-145.0   15.0   31.0575544805
-140.0   15.0   31.0377460913
-135.0   15.0   31.0212980845
-130.0   15.0   31.0061523119
-125.0   15.0   30.9909927953
-120.0   15.0   30.9749158737
-115.0   15.0   30.9573683553
-110.0   15.0   30.9380478744
-105.0   15.0   30.9168101202
-100.0   15.0   30.8936276047
-95.0   15.0   30.8685724835
-90.0   15.0   30.8417512717
-85.0   15.0   30.81334264
-80.0   15.0   30.7835561828
-75.0   15.0   30.7525980585
-70.0   15.0   30.7207397091
-65.0   15.0   30.6881976009
-60.0   15.0   30.6552603557
-55.0   15.0   30.6221547478
-50.0   15.0   30.5891900148
-45.0   15.0   30.556596367
-40.0   15.0   30.5246177585
-35.0   15.0   30.4935118874
-30.0   15.0   30.4635055278
-25.0   15.0   30.4348082744
-20.0   15.0   30.4076469012
-15.0   15.0   30.3822275667
-10.0   15.0   30.3587083258
-5.0   15.0   30.3372850289
0.0   15.0   30.318108859
5.0   15.0   30.3013447426
10.0   15.0   30.2871232469
15.0   15.0   30.2755886827
20.0   15.0   30.266885361
25.0   15.0   30.2611541566
30.0   15.0   30.2585531244
35.0   15.0   30.2592506271
40.0   15.0   30.2634356433
45.0   15.0   30.2713899227
50.0   15.0   30.2833711635
55.0   15.0   30.2997607587
60.0   15.0   30.320988205
65.0   15.0   30.3476376181
70.0   15.0   30.3803721409
75.0   15.0   30.4200232789
80.0   15.0   30.4675634129
85.0   15.0   30.5241985697
90.0   15.0   30.5912481631
95.0   15.0   30.6702996132
100.0   15.0   30.7630124952
105.0   15.0   30.8712422351
110.0   15.0   30.9968476947
115.0   15.0   31.141663684
120.0   15.0   31.3073325985
125.0   15.0   31.4951051327
130.0   15.0   31.7056272497
135.0   15.0   31.9386171996
140.0   15.0   32.1926146935
145.0   15.0   32.4645754587
150.0   15.0   32.7495791805
155.0   15.0   33.0404996493
160.0   15.0   33.3277848578
165.0   15.0   33.5992955104
170.0   15.0   33.8403153311
175.0   15.0   34.0337331704
180.0   15.0   34.1604037818
185.0   15.0   34.1996975786
190.0   15.0   34.130304651
195.0   15.0   33.9304890285
200.0   15.0   33.5773705613
-200.0   21.0   33.5886680433
-195.0   21.0   32.930620642
-190.0   21.0   32.3934301844
-185.0   21.0   31.9566251385
-180.0   21.0   31.6067433587
-175.0   21.0   31.3319135554
-170.0   21.0   31.1198074544
-165.0   21.0   30.9580761659
-160.0   21.0   30.8353260006
-155.0   21.0   30.7416922776
-150.0   21.0   30.6691142022
-145.0   21.0   30.6113005065
-140.0   21.0   30.5635026744
-135.0   21.0   30.5222435006
-130.0   21.0   30.4849803643
-125.0   21.0   30.4499299952
-120.0   21.0   30.4158520067
-115.0   21.0   30.3818977132
-110.0   21.0   30.3475001792
-105.0   21.0   30.3122986272
-100.0   21.0   30.2761315666
-95.0   21.0   30.2388890462
-90.0   21.0   30.2006088617
-85.0   21.0   30.1613666045
-80.0   21.0   30.1212756617
-75.0   21.0   30.0805043962
-70.0   21.0   30.0392555303
-65.0   21.0   29.9977352224
-60.0   21.0   29.9561461951
-55.0   21.0   29.9147392744
-50.0   21.0   29.8737274907
-45.0   21.0   29.833368542
-40.0   21.0   29.7938754587
-35.0   21.0   29.7554612712
-30.0   21.0   29.7183561898
-25.0   21.0   29.6827491929
-20.0   21.0   29.6488395671
-15.0   21.0   29.6168162909
-10.0   21.0   29.5868339832
-5.0   21.0   29.5590541348
0.0   21.0   29.5336382363
5.0   21.0   29.5107031109
10.0   21.0   29.4903999415
15.0   21.0   29.4728592951
20.0   21.0   29.4582117386
25.0   21.0   29.4465981471
30.0   21.0   29.4381800112
35.0   21.0   29.4331119498
40.0   21.0   29.4316447889
45.0   21.0   29.434005303
50.0   21.0   29.4405302173
55.0   21.0   29.4516112329
60.0   21.0   29.4677431301
65.0   21.0   29.489551256
70.0   21.0   29.5177812171
75.0   21.0   29.5533607261
80.0   21.0   29.5973927308
85.0   21.0   29.6511897732
90.0   21.0   29.7162774256
95.0   21.0   29.7943942908
100.0   21.0   29.887474822
105.0   21.0   29.9976218353
110.0   21.0   30.1270377899
115.0   21.0   30.277918273
120.0   21.0   30.4523351769
125.0   21.0   30.6520374123
130.0   21.0   30.878224134
135.0   21.0   31.1312492473
140.0   21.0   31.4103293503
145.0   21.0   31.713200136
150.0   21.0   32.0356697166
155.0   21.0   32.3713712324
160.0   21.0   32.7114055112
165.0   21.0   33.0440971139
170.0   21.0   33.3548946914
175.0   21.0   33.6263744202
180.0   21.0   33.8382743627
185.0   21.0   33.9677521648
190.0   21.0   33.9894469036
195.0   21.0   33.8747266091
200.0   21.0   33.5886680433
-200.0   -3.0   33.5600188935
-195.0   -3.0   33.788851315
-190.0   -3.0   34.0522015297
-185.0   -3.0   34.3095078665
-180.0   -3.0   34.5419137008
-175.0   -3.0   34.7410455645
-170.0   -3.0   34.904484532
-165.0   -3.0   35.0330827248
-160.0   -3.0   35.1292693764
-155.0   -3.0   35.1961196834
-150.0   -3.0   35.2367328941
-145.0   -3.0   35.2540673821
-140.0   -3.0   35.2507516674
-135.0   -3.0   35.2290706725
-130.0   -3.0   35.1910241342
-125.0   -3.0   35.1383094236
-120.0   -3.0   35.0724143173
-115.0   -3.0   34.9946238697
-110.0   -3.0   34.9060753879
-105.0   -3.0   34.8077893563
-100.0   -3.0   34.7006866159
-95.0   -3.0   34.5856399039
-90.0   -3.0   34.4634291864
-85.0   -3.0   34.3348516095
-80.0   -3.0   34.2006768312
-75.0   -3.0   34.0616779456
-70.0   -3.0   33.9186280468
-65.0   -3.0   33.7723517687
-60.0   -3.0   33.6236771807
-55.0   -3.0   33.4734838924
-50.0   -3.0   33.3226652568
-45.0   -3.0   33.172131807
-40.0   -3.0   33.022818128
-35.0   -3.0   32.8756691124
-30.0   -3.0   32.7316227813
-25.0   -3.0   32.5916102834
-20.0   -3.0   32.4564768684
-15.0   -3.0   32.3270471699
-10.0   -3.0   32.2040839742
-5.0   -3.0   32.0882160645
0.0   -3.0   31.9799725807
5.0   -3.0   31.8798070714
10.0   -3.0   31.7880081584
15.0   -3.0   31.7047407685
20.0   -3.0   31.6300942369
25.0   -3.0   31.5640376398
30.0   -3.0   31.5065056939
35.0   -3.0   31.4573712681
40.0   -3.0   31.4165622068
45.0   -3.0   31.3840785101
50.0   -3.0   31.3600335652
55.0   -3.0   31.3447778414
60.0   -3.0   31.3388714024
65.0   -3.0   31.3431972934
70.0   -3.0   31.3589993371
75.0   -3.0   31.3878271576
80.0   -3.0   31.4315774125
85.0   -3.0   31.4924559969
90.0   -3.0   31.5728406048
95.0   -3.0   31.6751845215
100.0   -3.0   31.801858569
105.0   -3.0   31.9549277674
110.0   -3.0   32.1359314332
115.0   -3.0   32.345690764
120.0   -3.0   32.5840030373
125.0   -3.0   32.8493942205
130.0   -3.0   33.1389643516
135.0   -3.0   33.4480989177
140.0   -3.0   33.7703657758
145.0   -3.0   34.0973536619
150.0   -3.0   34.4185931639
155.0   -3.0   34.7214845655
160.0   -3.0   34.9913700024
165.0   -3.0   35.2115746937
170.0   -3.0   35.3635409446
175.0   -3.0   35.4268899942
180.0   -3.0   35.3796144302
185.0   -3.0   35.197751771
190.0   -3.0   34.8550374325
195.0   -3.0   34.3218361406
200.0   -3.0   33.5600188935
-200.0   24.0   33.598821346
-195.0   24.0   33.0073906054
-190.0   24.0   32.5192933421
-185.0   24.0   32.120586374
-180.0   24.0   31.8005151032
-175.0   24.0   31.5484932942
-170.0   24.0   31.3533059285
-165.0   24.0   31.203655524
-160.0   24.0   31.0891482599
-155.0   24.0   31.0008162445
-150.0   24.0   30.9313408535
-145.0   24.0   30.8750149344
-140.0   24.0   30.8275022882
-135.0   24.0   30.7856486909
-130.0   24.0   30.7471382961
-125.0   24.0   30.7103699401
-120.0   24.0   30.6741856996
-115.0   24.0   30.6378365324
-110.0   24.0   30.6008207863
-105.0   24.0   30.5628395315
-100.0   24.0   30.523769073
-95.0   24.0   30.4835303834
-90.0   24.0   30.4421990541
-85.0   24.0   30.3998575485
-80.0   24.0   30.3566604854
-75.0   24.0   30.3128037154
-70.0   24.0   30.2684762169
-65.0   24.0   30.223935688
-60.0   24.0   30.1793882872
-55.0   24.0   30.1350779686
-50.0   24.0   30.0912727382
-45.0   24.0   30.0481959342
-40.0   24.0   30.0060880748
-35.0   24.0   29.9651690624
-30.0   24.0   29.9256656712
-25.0   24.0   29.8877806237
-20.0   24.0   29.8517200783
-15.0   24.0   29.8176386538
-10.0   24.0   29.7857356367
-5.0   24.0   29.756155338
0.0   24.0   29.7290489404
5.0   24.0   29.704540139
10.0   24.0   29.6827595008
15.0   24.0   29.6638375929
20.0   24.0   29.6478843664
25.0   24.0   29.6350441322
30.0   24.0   29.6254612011
35.0   24.0   29.6192764482
40.0   24.0   29.6167097758
45.0   24.0   29.6179742141
50.0   24.0   29.623379001
55.0   24.0   29.6332746056
60.0   24.0   29.6481283205
65.0   24.0   29.6685070813
70.0   24.0   29.6951152627
75.0   24.0   29.7287603186
80.0   24.0   29.7705108366
85.0   24.0   29.8215762798
90.0   24.0   29.8833516534
95.0   24.0   29.9574484292
100.0   24.0   30.0457048532
105.0   24.0   30.1500485067
110.0   24.0   30.2725581538
115.0   24.0   30.4153125588
120.0   24.0   30.5803011505
125.0   24.0   30.769217864
130.0   24.0   30.9832618542
135.0   24.0   31.2229347732
140.0   24.0   31.4876525055
145.0   24.0   31.7754084424
150.0   24.0   32.082505476
155.0   24.0   32.4031093227
160.0   24.0   32.7289530296
165.0   24.0   33.0490930199
170.0   24.0   33.3497063709
175.0   24.0   33.614053018
180.0   24.0   33.8225135507
185.0   24.0   33.9526648037
190.0   24.0   33.9792523692
195.0   24.0   33.8732457044
200.0   24.0   33.598821346
-200.0   -6.0   33.5563630173
-195.0   -6.0   33.821682045
-190.0   -6.0   34.0941307185
-185.0   -6.0   34.3464102255
-180.0   -6.0   34.5662197797
-175.0   -6.0   34.7488795849
-170.0   -6.0   34.8940563514
-165.0   -6.0   35.0037807399
-160.0   -6.0   35.0811348189
-155.0   -6.0   35.1295030226
-150.0   -6.0   35.1521563981
-145.0   -6.0   35.1520979866
-140.0   -6.0   35.131949436
-135.0   -6.0   35.093999105
-130.0   -6.0   35.0401848827
-125.0   -6.0   34.9721869605
-120.0   -6.0   34.8914450113
-115.0   -6.0   34.7992062937
-110.0   -6.0   34.6965565753
-105.0   -6.0   34.5844716728
-100.0   -6.0   34.4638311954
-95.0   -6.0   34.3354597769
-90.0   -6.0   34.2001098955
-85.0   -6.0   34.0585409015
-80.0   -6.0   33.9114880932
-75.0   -6.0   33.759703949
-70.0   -6.0   33.6039718708
-65.0   -6.0   33.4450649528
-60.0   -6.0   33.2838318805
-55.0   -6.0   33.1211453913
-50.0   -6.0   32.9579022743
-45.0   -6.0   32.7950542943
-40.0   -6.0   32.6335635239
-35.0   -6.0   32.4744092158
-30.0   -6.0   32.3185568786
-25.0   -6.0   32.1669823287
-20.0   -6.0   32.0205892274
-15.0   -6.0   31.880257184
-10.0   -6.0   31.7467696004
-5.0   -6.0   31.6208205435
0.0   -6.0   31.5029838207
5.0   -6.0   31.3937335966
10.0   -6.0   31.2933997246
15.0   -6.0   31.2021780552
20.0   -6.0   31.1201682317
25.0   -6.0   31.0473805619
30.0   -6.0   30.9837360185
35.0   -6.0   30.9291624461
40.0   -6.0   30.8836151769
45.0   -6.0   30.8471320067
50.0   -6.0   30.819908786
55.0   -6.0   30.8023578317
60.0   -6.0   30.7951800823
65.0   -6.0   30.7993925862
70.0   -6.0   30.8163972207
75.0   -6.0   30.8479325886
80.0   -6.0   30.8961152497
85.0   -6.0   30.9633641297
90.0   -6.0   31.0522424649
95.0   -6.0   31.1653925193
100.0   -6.0   31.3053431697
105.0   -6.0   31.4742453356
110.0   -6.0   31.6736864369
115.0   -6.0   31.9044464398
120.0   -6.0   32.1662092346
125.0   -6.0   32.4573702216
130.0   -6.0   32.7747717407
135.0   -6.0   33.1135828128
140.0   -6.0   33.4670448774
145.0   -6.0   33.8264339968
150.0   -6.0   34.1809131097
155.0   -6.0   34.5175560823
160.0   -6.0   34.8212892975
165.0   -6.0   35.0749431941
170.0   -6.0   35.2593759617
175.0   -6.0   35.3534701052
180.0   -6.0   35.3340877768
185.0   -6.0   35.1757752823
190.0   -6.0   34.8501274259
195.0   -6.0   34.3244440447
200.0   -6.0   33.5563630173
-200.0   0.0   33.5724708626
-195.0   0.0   33.642946122
-190.0   0.0   33.8151949264
-185.0   0.0   34.0207623691
-180.0   0.0   34.2268245921
-175.0   0.0   34.4163494729
-170.0   0.0   34.5813999122
-165.0   0.0   34.7192202587
-160.0   0.0   34.8299307717
-155.0   0.0   34.9151051272
-150.0   0.0   34.9768976806
-145.0   0.0   35.0176311505
-140.0   0.0   35.0395526636
-135.0   0.0   35.0446791365
-130.0   0.0   35.0348213276
-125.0   0.0   35.0116010164
-120.0   0.0   34.9763925925
-115.0   0.0   34.9304604942
-110.0   0.0   34.8749007973
-105.0   0.0   34.810716806
-100.0   0.0   34.7388121815
-95.0   0.0   34.6600459173
-90.0   0.0   34.5751945434
-85.0   0.0   34.485031154
-80.0   0.0   34.3902876114
-75.0   0.0   34.2916889062
-70.0   0.0   34.1899669007
-65.0   0.0   34.0858534575
-60.0   0.0   33.9800460792
-55.0   0.0   33.8733247318
-50.0   0.0   33.766400662
-45.0   0.0   33.6600435278
-40.0   0.0   33.5549886278
-35.0   0.0   33.4519540803
-30.0   0.0   33.351664876
-25.0   0.0   33.2547910296
-20.0   0.0   33.1619956842
-15.0   0.0   33.0738629553
-10.0   0.0   32.9909322908
-5.0   0.0   32.9136538032
0.0   0.0   32.8424432454
5.0   0.0   32.7775789313
10.0   0.0   32.7193219949
15.0   0.0   32.6677926953
20.0   0.0   32.6230769318
25.0   0.0   32.5851918843
30.0   0.0   32.554103193
35.0   0.0   32.5297661903
40.0   0.0   32.5121465165
45.0   0.0   32.5012304276
50.0   0.0   32.4971244389
55.0   0.0   32.4999762971
60.0   0.0   32.5101433437
65.0   0.0   32.5281203588
70.0   0.0   32.5546082812
75.0   0.0   32.5905485675
80.0   0.0   32.6370304215
85.0   0.0   32.6954007451
90.0   0.0   32.7670992111
95.0   0.0   32.8536720079
100.0   0.0   32.9566000402
105.0   0.0   33.0772714413
110.0   0.0   33.2167307474
115.0   0.0   33.3755380222
120.0   0.0   33.5536176742
125.0   0.0   33.749980143
130.0   0.0   33.9625466644
135.0   0.0   34.1879224963
140.0   0.0   34.4211701442
145.0   0.0   34.6556616147
150.0   0.0   34.8829237962
155.0   0.0   35.0924769686
160.0   0.0   35.2719000864
165.0   0.0   35.4068307789
170.0   0.0   35.4810856095
175.0   0.0   35.476945261
180.0   0.0   35.3753675665
185.0   0.0   35.1562692588
190.0   0.0   34.7985225349
195.0   0.0   34.2796904855
200.0   0.0   33.5724708626
-200.0   -9.0   33.5640046231
-195.0   -9.0   33.7412699493
-190.0   -9.0   33.9431712079
-185.0   -9.0   34.1392587988
-180.0   -9.0   34.3145896718
-175.0   -9.0   34.4621922359
-170.0   -9.0   34.5798812117
-165.0   -9.0   34.6682166631
-160.0   -9.0   34.7291433512
-155.0   -9.0   34.7652245124
-150.0   -9.0   34.7791092827
-145.0   -9.0   34.7733712064
-140.0   -9.0   34.7502642823
-135.0   -9.0   34.711832915
-130.0   -9.0   34.659819143
-125.0   -9.0   34.5957588468
-120.0   -9.0   34.5209405165
-115.0   -9.0   34.4365323833
-110.0   -9.0   34.3435308794
-105.0   -9.0   34.2428465381
-100.0   -9.0   34.1352868131
-95.0   -9.0   34.0215801309
-90.0   -9.0   33.9024789698
-85.0   -9.0   33.7786464727
-80.0   -9.0   33.6507629625
-75.0   -9.0   33.519498454
-70.0   -9.0   33.3855573219
-65.0   -9.0   33.249613017
-60.0   -9.0   33.1124283256
-55.0   -9.0   32.974741982
-50.0   -9.0   32.8373167725
-45.0   -9.0   32.7009601508
-40.0   -9.0   32.5664623909
-35.0   -9.0   32.4346309467
-30.0   -9.0   32.3062629642
-25.0   -9.0   32.1821212295
-20.0   -9.0   32.0629479129
-15.0   -9.0   31.9494199014
-10.0   -9.0   31.8421625421
-5.0   -9.0   31.7417221549
0.0   -9.0   31.6485591603
5.0   -9.0   31.5630446434
10.0   -9.0   31.4854328664
15.0   -9.0   31.4159299876
20.0   -9.0   31.3546115985
25.0   -9.0   31.3015292387
30.0   -9.0   31.2566794722
35.0   -9.0   31.2200416832
40.0   -9.0   31.1916364875
45.0   -9.0   31.1715257326
50.0   -9.0   31.1599087051
55.0   -9.0   31.1571461821
60.0   -9.0   31.1637741756
65.0   -9.0   31.1805932676
70.0   -9.0   31.2086583019
75.0   -9.0   31.2492818206
80.0   -9.0   31.3040649874
85.0   -9.0   31.3747910729
90.0   -9.0   31.4634804295
95.0   -9.0   31.5721293582
100.0   -9.0   31.7027272878
105.0   -9.0   31.8570196929
110.0   -9.0   32.0363740912
115.0   -9.0   32.241539525
120.0   -9.0   32.4724541467
125.0   -9.0   32.7280424965
130.0   -9.0   33.0059440605
135.0   -9.0   33.3023380356
140.0   -9.0   33.6117784033
145.0   -9.0   33.9269190517
150.0   -9.0   34.2384725434
155.0   -9.0   34.5350761129
160.0   -9.0   34.8031301758
165.0   -9.0   35.0269426396
170.0   -9.0   35.1886739281
175.0   -9.0   35.2683472894
180.0   -9.0   35.2438968996
185.0   -9.0   35.0909032925
190.0   -9.0   34.7820985799
195.0   -9.0   34.2864181223
200.0   -9.0   33.5640046231
-200.0   -12.0   33.5788514661
-195.0   -12.0   33.6085176642
-190.0   -12.0   33.705463666
-185.0   -12.0   33.8267088747
-180.0   -12.0   33.9495518114
-175.0   -12.0   34.0613412201
-170.0   -12.0   34.1557446013
-165.0   -12.0   34.2302605659
-160.0   -12.0   34.2847070073
-155.0   -12.0   34.320080358
-150.0   -12.0   34.3379920896
-145.0   -12.0   34.3401773689
-140.0   -12.0   34.3284022866
-135.0   -12.0   34.3042611344
-130.0   -12.0   34.2692348171
-125.0   -12.0   34.2245705932
-120.0   -12.0   34.171419514
-115.0   -12.0   34.1107677038
-110.0   -12.0   34.0434913361
-105.0   -12.0   33.9703806848
-100.0   -12.0   33.8921607404
-95.0   -12.0   33.8094637221
-90.0   -12.0   33.7229390289
-85.0   -12.0   33.6331432887
-80.0   -12.0   33.5406881047
-75.0   -12.0   33.4461232327
-70.0   -12.0   33.3500293524
-65.0   -12.0   33.2529596556
-60.0   -12.0   33.1554948217
-55.0   -12.0   33.0582086585
-50.0   -12.0   32.9617093333
-45.0   -12.0   32.8665843976
-40.0   -12.0   32.7733973512
-35.0   -12.0   32.6827460534
-30.0   -12.0   32.5951802602
-25.0   -12.0   32.5112325474
-20.0   -12.0   32.4314148752
-15.0   -12.0   32.3561807921
-10.0   -12.0   32.2859666667
-5.0   -12.0   32.2211298404
0.0   -12.0   32.1619658069
5.0   -12.0   32.1087253923
10.0   -12.0   32.0615941392
15.0   -12.0   32.0207232304
20.0   -12.0   31.9861813854
25.0   -12.0   31.9580304518
30.0   -12.0   31.9362807374
35.0   -12.0   31.9209494221
40.0   -12.0   31.9120639938
45.0   -12.0   31.9096897359
50.0   -12.0   31.9139881391
55.0   -12.0   31.9251550541
60.0   -12.0   31.943554694
65.0   -12.0   31.9696680952
70.0   -12.0   32.0041446567
75.0   -12.0   32.0478090122
80.0   -12.0   32.1016438502
85.0   -12.0   32.1668036581
90.0   -12.0   32.244559746
95.0   -12.0   32.3362658877
100.0   -12.0   32.4432861648
105.0   -12.0   32.5668815797
110.0   -12.0   32.7081207202
115.0   -12.0   32.867714833
120.0   -12.0   33.0458425887
125.0   -12.0   33.242002335
130.0   -12.0   33.4547853228
135.0   -12.0   33.6816248795
140.0   -12.0   33.9186349188
145.0   -12.0   34.160376294
150.0   -12.0   34.3996025365
155.0   -12.0   34.627125852
160.0   -12.0   34.8316865544
165.0   -12.0   34.9998431139
170.0   -12.0   35.1160099534
175.0   -12.0   35.1624849355
180.0   -12.0   35.1195112107
185.0   -12.0   34.9653493726
190.0   -12.0   34.6760335036
195.0   -12.0   34.2249485504
200.0   -12.0   33.5788514661
-200.0   9.0   33.5869672363
-195.0   9.0   33.1038761868
-190.0   9.0   32.843680196
-185.0   9.0   32.7047775177
-180.0   9.0   32.6410917426
-175.0   9.0   32.6255714488
-170.0   9.0   32.6402636729
-165.0   9.0   32.6726099306
-160.0   9.0   32.7136938698
-155.0   9.0   32.7574544326
-150.0   9.0   32.7999265052
-145.0   9.0   32.8386602382
-140.0   9.0   32.8722881142
-135.0   9.0   32.9001607339
-130.0   9.0   32.9220410153
-125.0   9.0   32.9380182937
-120.0   9.0   32.9483193432
-115.0   9.0   32.9532946334
-110.0   9.0   32.9533015053
-105.0   9.0   32.948745404
-100.0   9.0   32.9400558262
-95.0   9.0   32.9276485246
-90.0   9.0   32.9119289443
-85.0   9.0   32.8933334539
-80.0   9.0   32.8722503185
-75.0   9.0   32.849071239
-70.0   9.0   32.8242154042
-65.0   9.0   32.7980538994
-60.0   9.0   32.7709646817
-55.0   9.0   32.7433119643
-50.0   9.0   32.7154633963
-45.0   9.0   32.6877625752
-40.0   9.0   32.6605393545
-35.0   9.0   32.6341098438
-30.0   9.0   32.6087867166
-25.0   9.0   32.5848517229
-20.0   9.0   32.5625625606
-15.0   9.0   32.5421837998
-10.0   9.0   32.5239353427
-5.0   9.0   32.5080405277
0.0   9.0   32.4946402298
5.0   9.0   32.4839577871
10.0   9.0   32.4761237668
15.0   9.0   32.4712790437
20.0   9.0   32.4695404409
25.0   9.0   32.4710488334
30.0   9.0   32.4758695047
35.0   9.0   32.4841398937
40.0   9.0   32.4960008754
45.0   9.0   32.511555529
50.0   9.0   32.5309687812
55.0   9.0   32.5544570983
60.0   9.0   32.5822472547
65.0   9.0   32.6146313081
70.0   9.0   32.6519975236
75.0   9.0   32.6947857058
80.0   9.0   32.7435249946
85.0   9.0   32.7988407374
90.0   9.0   32.8614819765
95.0   9.0   32.9321874461
100.0   9.0   33.0118642434
105.0   9.0   33.1013576179
110.0   9.0   33.2014922035
115.0   9.0   33.3129998624
120.0   9.0   33.4363100914
125.0   9.0   33.5714950461
130.0   9.0   33.7180393302
135.0   9.0   33.8746235299
140.0   9.0   34.0388562074
145.0   9.0   34.2070539986
150.0   9.0   34.3739014522
155.0   9.0   34.5322929741
160.0   9.0   34.6731232337
165.0   9.0   34.7852665478
170.0   9.0   34.8557452432
175.0   9.0   34.8699839187
180.0   9.0   34.8125413081
185.0   9.0   34.667965837
190.0   9.0   34.4222078083
195.0   9.0   34.0641346669
200.0   9.0   33.5869672363
-200.0   3.0   33.5852733012
-195.0   3.0   33.4477828081
-190.0   3.0   33.4858396543
-185.0   3.0   33.6021198809
-180.0   3.0   33.7501759935
-175.0   3.0   33.9043343957
-170.0   3.0   34.0506244177
-165.0   3.0   34.1819748256
-160.0   3.0   34.2953276025
-155.0   3.0   34.3899989896
-150.0   3.0   34.4665868464
-145.0   3.0   34.5262697119
-140.0   3.0   34.570518183
-135.0   3.0   34.6007959845
-130.0   3.0   34.6185084296
-125.0   3.0   34.6249646244
-120.0   3.0   34.6213362361
-115.0   3.0   34.6086884164
-110.0   3.0   34.587983238
-105.0   3.0   34.5600934384
-100.0   3.0   34.5258299073
-95.0   3.0   34.4859176352
-90.0   3.0   34.4410953565
-85.0   3.0   34.3919918544
-80.0   3.0   34.3392702719
-75.0   3.0   34.2835525201
-70.0   3.0   34.2254295867
-65.0   3.0   34.1654855871
-60.0   3.0   34.1043321248
-55.0   3.0   34.0425155195
-50.0   3.0   33.9806095789
-45.0   3.0   33.9191709307
-40.0   3.0   33.8587355869
-35.0   3.0   33.7998189435
-30.0   3.0   33.7429226527
-25.0   3.0   33.6885105711
-20.0   3.0   33.6370190671
-15.0   3.0   33.5888535859
-10.0   3.0   33.5443783406
-5.0   3.0   33.5039197486
0.0   3.0   33.4677320722
5.0   3.0   33.4360661373
10.0   3.0   33.409055947
15.0   3.0   33.386862992
20.0   3.0   33.3695869155
25.0   3.0   33.3572586414
30.0   3.0   33.3499331452
35.0   3.0   33.3476138628
40.0   3.0   33.3503282821
45.0   3.0   33.358097019
50.0   3.0   33.3709784849
55.0   3.0   33.3891032469
60.0   3.0   33.4126259238
65.0   3.0   33.4417973417
70.0   3.0   33.4769920217
75.0   3.0   33.5186222807
80.0   3.0   33.5672722342
85.0   3.0   33.6235947174
90.0   3.0   33.6882975407
95.0   3.0   33.7621606703
100.0   3.0   33.8459640721
105.0   3.0   33.940401813
110.0   3.0   34.0459652372
115.0   3.0   34.1629567104
120.0   3.0   34.2911735101
125.0   3.0   34.4298872099
130.0   3.0   34.5775962891
135.0   3.0   34.7318234108
140.0   3.0   34.8889504943
145.0   3.0   35.043954146
150.0   3.0   35.1902510401
155.0   3.0   35.319484888
160.0   3.0   35.421533311
165.0   3.0   35.484435684
170.0   3.0   35.4946027306
175.0   3.0   35.4370776566
180.0   3.0   35.2960378026
185.0   3.0   35.0554612224
190.0   3.0   34.699741723
195.0   3.0   34.2145066259
200.0   3.0   33.5852733012
-200.0   -18.0   33.605387492
-195.0   -18.0   33.403534337
-190.0   -18.0   33.3321760324
-185.0   -18.0   33.3327326601
-180.0   -18.0   33.3727514474
-175.0   -18.0   33.431633731
-170.0   -18.0   33.496384658
-165.0   -18.0   33.559032769
-160.0   -18.0   33.6150803742
-155.0   -18.0   33.6621910115
-150.0   -18.0   33.6994885075
-145.0   -18.0   33.7269075787
-140.0   -18.0   33.7448674139
-135.0   -18.0   33.7540105403
-130.0   -18.0   33.7550928721
-125.0   -18.0   33.7488531436
-120.0   -18.0   33.7360300892
-115.0   -18.0   33.7173143397
-110.0   -18.0   33.6933346783
-105.0   -18.0   33.6646992724
-100.0   -18.0   33.6319578777
-95.0   -18.0   33.5956361983
-90.0   -18.0   33.5562255783
-85.0   -18.0   33.5142311061
-80.0   -18.0   33.4700754063
-75.0   -18.0   33.4242360794
-70.0   -18.0   33.377139186
-65.0   -18.0   33.3292245308
-60.0   -18.0   33.2809044308
-55.0   -18.0   33.2325877667
-50.0   -18.0   33.1847005993
-45.0   -18.0   33.1376140139
-40.0   -18.0   33.0917128394
-35.0   -18.0   33.047371597
-30.0   -18.0   33.0049270122
-25.0   -18.0   32.9646986305
-20.0   -18.0   32.9270025616
-15.0   -18.0   32.8921102472
-10.0   -18.0   32.8602553338
-5.0   -18.0   32.8316542876
0.0   -18.0   32.806513267
5.0   -18.0   32.784976583
10.0   -18.0   32.7671919824
15.0   -18.0   32.7532350567
20.0   -18.0   32.743219193
25.0   -18.0   32.7371856229
30.0   -18.0   32.7351893221
35.0   -18.0   32.7372715223
40.0   -18.0   32.743483763
45.0   -18.0   32.7538844558
50.0   -18.0   32.7685595
55.0   -18.0   32.7876188469
60.0   -18.0   32.8112342951
65.0   -18.0   32.8396016951
70.0   -18.0   32.8730165406
75.0   -18.0   32.9118636608
80.0   -18.0   32.9565725524
85.0   -18.0   33.0076654834
90.0   -18.0   33.0657403131
95.0   -18.0   33.1314945445
100.0   -18.0   33.2056119361
105.0   -18.0   33.2888037346
110.0   -18.0   33.3817262111
115.0   -18.0   33.4848878895
120.0   -18.0   33.5985842638
125.0   -18.0   33.7227431784
130.0   -18.0   33.8568045696
135.0   -18.0   33.999500563
140.0   -18.0   34.1486836751
145.0   -18.0   34.3010759867
150.0   -18.0   34.4520080094
155.0   -18.0   34.5952297069
160.0   -18.0   34.7226974643
165.0   -18.0   34.8243885459
170.0   -18.0   34.8883526349
175.0   -18.0   34.9007083968
180.0   -18.0   34.8459424098
185.0   -18.0   34.7072218381
190.0   -18.0   34.4668308005
195.0   -18.0   34.1064555566
200.0   -18.0   33.605387492
-200.0   30.0   33.6160183951
-195.0   30.0   33.1964585018
-190.0   30.0   32.8566475613
-185.0   30.0   32.5855492256
-180.0   30.0   32.3737214385
-175.0   30.0   32.2116362447
-170.0   30.0   32.0896626095
-165.0   30.0   31.9986848942
-160.0   30.0   31.9306148165
-155.0   30.0   31.8787109958
-150.0   30.0   31.8376270566
-145.0   30.0   31.8032535743
-140.0   30.0   31.7725771999
-135.0   30.0   31.7434401418
-130.0   30.0   31.7143202635
-125.0   30.0   31.6842280047
-120.0   30.0   31.652534582
-115.0   30.0   31.6188414225
-110.0   30.0   31.5829870356
-105.0   30.0   31.5449233174
-100.0   30.0   31.5047396034
-95.0   30.0   31.4625767684
-90.0   30.0   31.4186444069
-85.0   30.0   31.3731727292
-80.0   30.0   31.326446921
-75.0   30.0   31.2787556041
-70.0   30.0   31.2304114522
-65.0   30.0   31.1817133951
-60.0   30.0   31.1329878501
-55.0   30.0   31.084537183
-50.0   30.0   31.0366706315
-45.0   30.0   30.9896493295
-40.0   30.0   30.9437859507
-35.0   30.0   30.8993313212
-30.0   30.0   30.8565397031
-25.0   30.0   30.8156378705
-20.0   30.0   30.7768251101
-15.0   30.0   30.740328196
-10.0   30.0   30.7062914391
-5.0   30.0   30.6748900743
0.0   30.0   30.6462718482
5.0   30.0   30.6205467121
10.0   30.0   30.5978486689
15.0   30.0   30.578263618
20.0   30.0   30.5618912027
25.0   30.0   30.54884481
30.0   30.0   30.5392172113
35.0   30.0   30.5331183578
40.0   30.0   30.5306685084
45.0   30.0   30.5320600778
50.0   30.0   30.5374923525
55.0   30.0   30.5471886706
60.0   30.0   30.5615029376
65.0   30.0   30.5808371624
70.0   30.0   30.6056895612
75.0   30.0   30.6366820452
80.0   30.0   30.6745705287
85.0   30.0   30.7202414929
90.0   30.0   30.774739474
95.0   30.0   30.8392567547
100.0   30.0   30.9151333649
105.0   30.0   31.0038227216
110.0   30.0   31.1068778849
115.0   30.0   31.225845043
120.0   30.0   31.3622051007
125.0   30.0   31.5172259323
130.0   30.0   31.6918524306
135.0   30.0   31.8863732174
140.0   30.0   32.1003038204
145.0   30.0   32.3320499478
150.0   30.0   32.578536403
155.0   30.0   32.8349528225
160.0   30.0   33.0944135148
165.0   30.0   33.3476550945
170.0   30.0   33.5828578116
175.0   30.0   33.785573396
180.0   30.0   33.9386357225
185.0   30.0   34.0223257372
190.0   30.0   34.0143542779
195.0   30.0   33.8892435986
200.0   30.0   33.6160183951
-200.0   27.0   33.6083699173
-195.0   27.0   33.1012304869
-190.0   27.0   32.6843128575
-185.0   27.0   32.3460377973
-180.0   27.0   32.0766952442
-175.0   27.0   31.8663964655
-170.0   27.0   31.7047407685
-165.0   27.0   31.5815679784
-160.0   27.0   31.4876731213
-155.0   27.0   31.4151912532
-150.0   27.0   31.3577898743
-145.0   27.0   31.3105452341
-140.0   27.0   31.2697945844
-135.0   27.0   31.2328372498
-130.0   27.0   31.1977525209
-125.0   27.0   31.1632141119
-120.0   27.0   31.1283149257
-115.0   27.0   31.0924811545
-110.0   27.0   31.0553348414
-105.0   27.0   31.0167282393
-100.0   27.0   30.976578885
-95.0   27.0   30.9349451901
-90.0   27.0   30.8919302336
-85.0   27.0   30.8477126863
-80.0   27.0   30.8024746548
-75.0   27.0   30.7564669651
-70.0   27.0   30.7099335714
-65.0   27.0   30.6631184279
-60.0   27.0   30.6163204642
-55.0   27.0   30.5697870706
-50.0   27.0   30.5237965608
-45.0   27.0   30.4786100688
-40.0   27.0   30.4344749849
-35.0   27.0   30.391645571
-30.0   27.0   30.3503451655
-25.0   27.0   30.3108005426
-20.0   27.0   30.2732041169
-15.0   27.0   30.2377379949
-10.0   27.0   30.2045945913
-5.0   27.0   30.173911345
0.0   27.0   30.1458291308
5.0   27.0   30.1204922597
10.0   27.0   30.0980312987
15.0   27.0   30.0785321472
20.0   27.0   30.0621322441
25.0   27.0   30.0489277966
30.0   27.0   30.0390493719
35.0   27.0   30.0326378447
40.0   27.0   30.0298650138
45.0   27.0   30.0309061139
50.0   27.0   30.0360428948
55.0   27.0   30.0455639783
60.0   27.0   30.0598885532
65.0   27.0   30.0794873479
70.0   27.0   30.1049685299
75.0   27.0   30.1370742694
80.0   27.0   30.1766979197
85.0   27.0   30.2249080686
90.0   27.0   30.2829382308
95.0   27.0   30.3521799755
100.0   27.0   30.4342585185
105.0   27.0   30.5308643589
110.0   27.0   30.6438357427
115.0   27.0   30.7750280958
120.0   27.0   30.9261731489
125.0   27.0   31.0988102183
130.0   27.0   31.2940456877
135.0   27.0   31.5123056178
140.0   27.0   31.7531158441
145.0   27.0   32.0147274561
150.0   27.0   32.2937903791
155.0   27.0   32.5850269575
160.0   27.0   32.8808746128
165.0   27.0   33.1712040941
170.0   27.0   33.4431786031
175.0   27.0   33.6811507151
180.0   27.0   33.8665902231
185.0   27.0   33.9781872173
190.0   27.0   33.9919036249
195.0   27.0   33.8800248808
200.0   27.0   33.6083699173
-200.0   -15.0   33.5941312417
-195.0   -15.0   33.4866849039
-190.0   -15.0   33.4873136871
-185.0   -15.0   33.5414165311
-180.0   -15.0   33.6192756982
-175.0   -15.0   33.7029073014
-170.0   -15.0   33.7818488003
-165.0   -15.0   33.8504789418
-160.0   -15.0   33.9062276173
-155.0   -15.0   33.9483835803
-150.0   -15.0   33.9772938641
-145.0   -15.0   33.9937968465
-140.0   -15.0   33.9989886029
-135.0   -15.0   33.9940270567
-130.0   -15.0   33.9800082835
-125.0   -15.0   33.9579458954
-120.0   -15.0   33.9287538617
-115.0   -15.0   33.8932705599
-110.0   -15.0   33.8522209805
-105.0   -15.0   33.80631637
-100.0   -15.0   33.7561339721
-95.0   -15.0   33.7022853902
-90.0   -15.0   33.6452757123
-85.0   -15.0   33.5856237705
-80.0   -15.0   33.5238415249
-75.0   -15.0   33.4603825241
-70.0   -15.0   33.3957518563
-65.0   -15.0   33.3304030699
-60.0   -15.0   33.2648103293
-55.0   -15.0   33.1994168753
-50.0   -15.0   33.1347209239
-45.0   -15.0   33.071148536
-40.0   -15.0   33.0091429521
-35.0   -15.0   32.949140541
-30.0   -15.0   32.8915604914
-25.0   -15.0   32.8367738886
-20.0   -15.0   32.7851586896
-15.0   -15.0   32.737037876
-10.0   -15.0   32.6927275574
-5.0   -15.0   32.6524751239
0.0   -15.0   32.6164936059
5.0   -15.0   32.5849788539
10.0   -15.0   32.5580786147
15.0   -15.0   32.5358994036
20.0   -15.0   32.5185202479
25.0   -15.0   32.5059892514
30.0   -15.0   32.4983510815
35.0   -15.0   32.4956297902
40.0   -15.0   32.4978631732
45.0   -15.0   32.5051096421
50.0   -15.0   32.5174757119
55.0   -15.0   32.5350919498
60.0   -15.0   32.558178258
65.0   -15.0   32.5870507461
70.0   -15.0   32.6220804994
75.0   -15.0   32.6637897858
80.0   -15.0   32.7127730288
85.0   -15.0   32.7697792707
90.0   -15.0   32.8356400172
95.0   -15.0   32.9112176978
100.0   -15.0   32.9974572051
105.0   -15.0   33.0952484565
110.0   -15.0   33.2053885978
115.0   -15.0   33.3284823605
120.0   -15.0   33.4647668268
125.0   -15.0   33.61405989
130.0   -15.0   33.7754750689
135.0   -15.0   33.9473253003
140.0   -15.0   34.1268171376
145.0   -15.0   34.3098823876
150.0   -15.0   34.4908894894
155.0   -15.0   34.6624888947
160.0   -15.0   34.8153381908
165.0   -15.0   34.938108972
170.0   -15.0   35.0173631445
175.0   -15.0   35.0376800578
180.0   -15.0   34.9817698915
185.0   -15.0   34.8307725853
190.0   -15.0   34.5643677899
195.0   -15.0   34.1608160987
200.0   -15.0   33.5941312417
-200.0   -24.0   33.6163826083
-195.0   -24.0   33.3564168278
-190.0   -24.0   33.2194932704
-185.0   -24.0   33.1590441827
-180.0   -24.0   33.1480593743
-175.0   -24.0   33.1678230958
-170.0   -24.0   33.2050896681
-165.0   -24.0   33.2504720105
-160.0   -24.0   33.2975414161
-155.0   -24.0   33.3421128687
-150.0   -24.0   33.3815647203
-145.0   -24.0   33.4144744777
-140.0   -24.0   33.4401377663
-135.0   -24.0   33.4584205831
-130.0   -24.0   33.4694294433
-125.0   -24.0   33.4735251241
-120.0   -24.0   33.4711405582
-115.0   -24.0   33.4627739619
-110.0   -24.0   33.4489235514
-105.0   -24.0   33.4301390824
-100.0   -24.0   33.4069256432
-95.0   -24.0   33.3798055017
-90.0   -24.0   33.34929749
-85.0   -24.0   33.3158654646
-80.0   -24.0   33.2800145136
-75.0   -24.0   33.2422050574
-70.0   -24.0   33.2029043887
-65.0   -24.0   33.1625316961
-60.0   -24.0   33.1215233484
-55.0   -24.0   33.0803157142
-50.0   -24.0   33.0392695707
-45.0   -24.0   32.9987903629
-40.0   -24.0   32.9592251242
-35.0   -24.0   32.920900272
-30.0   -24.0   32.8841490959
-25.0   -24.0   32.8492808334
-20.0   -24.0   32.8165188228
-15.0   -24.0   32.7861345062
-10.0   -24.0   32.7583409138
-5.0   -24.0   32.7333510761
0.0   -24.0   32.711302432
5.0   -24.0   32.6923633442
10.0   -24.0   32.6766437639
15.0   -24.0   32.6642502063
20.0   -24.0   32.6552788786
25.0   -24.0   32.6497881924
30.0   -24.0   32.6478434312
35.0   -24.0   32.6495098785
40.0   -24.0   32.6548562538
45.0   -24.0   32.6639409686
50.0   -24.0   32.6768499223
55.0   -24.0   32.69370681
60.0   -24.0   32.7146696864
65.0   -24.0   32.7399206581
70.0   -24.0   32.7697036793
75.0   -24.0   32.8043417316
80.0   -24.0   32.8441921561
85.0   -24.0   32.8897325533
90.0   -24.0   32.9414645754
95.0   -24.0   32.9999792099
100.0   -24.0   33.0659121118
105.0   -24.0   33.1399126804
110.0   -24.0   33.2226028267
115.0   -24.0   33.3145666665
120.0   -24.0   33.4161684128
125.0   -24.0   33.5275626846
130.0   -24.0   33.648467732
135.0   -24.0   33.7780383054
140.0   -24.0   33.914666369
145.0   -24.0   34.0557302749
150.0   -24.0   34.1973851682
155.0   -24.0   34.3342949817
160.0   -24.0   34.459412533
165.0   -24.0   34.5638695736
170.0   -24.0   34.6368049903
175.0   -24.0   34.6656225028
180.0   -24.0   34.6360456401
185.0   -24.0   34.5326228276
190.0   -24.0   34.3392874517
195.0   -24.0   34.0397152008
200.0   -24.0   33.6163826083
-200.0   6.0   33.5904375698
-195.0   6.0   33.2624773031
-190.0   6.0   33.1536703196
-185.0   6.0   33.1536393958
-180.0   6.0   33.2111026223
-175.0   6.0   33.296892017
-170.0   6.0   33.3935459611
-165.0   6.0   33.4905228866
-160.0   6.0   33.5816517847
-155.0   6.0   33.6635791449
-150.0   6.0   33.7347862667
-145.0   6.0   33.7948608333
-140.0   6.0   33.8440330548
-135.0   6.0   33.8828492513
-130.0   6.0   33.9120756447
-125.0   6.0   33.9324578415
-120.0   6.0   33.9448307833
-115.0   6.0   33.9499160246
-110.0   6.0   33.9484248119
-105.0   6.0   33.9410512121
-100.0   6.0   33.9284240082
-95.0   6.0   33.911117008
-90.0   6.0   33.889717763
-85.0   6.0   33.8647760289
-80.0   6.0   33.8368106378
-75.0   6.0   33.8063094981
-70.0   6.0   33.7737742618
-65.0   6.0   33.7396962733
-60.0   6.0   33.7045084652
-55.0   6.0   33.668681566
-50.0   6.0   33.6326588163
-45.0   6.0   33.596849097
-40.0   6.0   33.561661289
-35.0   6.0   33.527504273
-30.0   6.0   33.4947319546
-25.0   6.0   33.4636982389
-20.0   6.0   33.4347329794
-15.0   6.0   33.4081419779
-10.0   6.0   33.3841829324
-5.0   6.0   33.3631032329
0.0   6.0   33.3451262178
5.0   6.0   33.3304236857
10.0   6.0   33.3191743074
15.0   6.0   33.3114983418
20.0   6.0   33.3075126122
25.0   6.0   33.3072824019
30.0   6.0   33.3109176622
35.0   6.0   33.3184527529
40.0   6.0   33.329997625
45.0   6.0   33.3456038181
50.0   6.0   33.3653537957
55.0   6.0   33.3893987406
60.0   6.0   33.4178692199
65.0   6.0   33.4509988796
70.0   6.0   33.4890419819
75.0   6.0   33.5323455602
80.0   6.0   33.5812875715
85.0   6.0   33.6363559242
90.0   6.0   33.6980694503
95.0   6.0   33.7670191373
100.0   6.0   33.843751305
105.0   6.0   33.9288397611
110.0   6.0   34.0227311821
115.0   6.0   34.1256763943
120.0   6.0   34.2376582176
125.0   6.0   34.3582024877
130.0   6.0   34.4862303088
135.0   6.0   34.6198931271
140.0   6.0   34.7562669286
145.0   6.0   34.8912148011
150.0   6.0   35.0191017473
155.0   6.0   35.1326297588
160.0   6.0   35.2227106849
165.0   6.0   35.2784421805
170.0   6.0   35.2872760693
175.0   6.0   35.2353859924
180.0   6.0   35.1082377806
185.0   6.0   34.8915377826
190.0   6.0   34.5724079686
195.0   6.0   34.140818731
200.0   6.0   33.5904375698
-200.0   -21.0   33.6121907202
-195.0   -21.0   33.3614574014
-190.0   -21.0   33.2439264803
-185.0   -21.0   33.2048457139
-180.0   -21.0   33.2133944168
-175.0   -21.0   33.2491079289
-170.0   -21.0   33.2982457907
-165.0   -21.0   33.3516717479
-160.0   -21.0   33.403541209
-155.0   -21.0   33.4503391726
-150.0   -21.0   33.4901380576
-145.0   -21.0   33.5220616905
-140.0   -21.0   33.545900477
-135.0   -21.0   33.5618330876
-130.0   -21.0   33.5702718394
-125.0   -21.0   33.5716943326
-120.0   -21.0   33.5667156065
-115.0   -21.0   33.555871673
-110.0   -21.0   33.5397432118
-105.0   -21.0   33.5188593629
-100.0   -21.0   33.4937664459
-95.0   -21.0   33.4649558053
-90.0   -21.0   33.4329394011
-85.0   -21.0   33.3981673459
-80.0   -21.0   33.3611275479
-75.0   -21.0   33.3222632478
-70.0   -21.0   33.2819936345
-65.0   -21.0   33.2407585125
-60.0   -21.0   33.1989976865
-55.0   -21.0   33.1570547538
-50.0   -21.0   33.1153763912
-45.0   -21.0   33.0743027599
-40.0   -21.0   33.0342324331
-35.0   -21.0   32.9954609043
-30.0   -21.0   32.958328335
-25.0   -21.0   32.923137091
-20.0   -21.0   32.890168922
-15.0   -21.0   32.8596643463
-10.0   -21.0   32.83185701
-5.0   -21.0   32.8069393278
0.0   -21.0   32.7850968421
5.0   -21.0   32.766463556
10.0   -21.0   32.7511837803
15.0   -21.0   32.7393605944
20.0   -21.0   32.7310524096
25.0   -21.0   32.7263657413
30.0   -21.0   32.7253280772
35.0   -21.0   32.7280150087
40.0   -21.0   32.7344849475
45.0   -21.0   32.744789433
50.0   -21.0   32.7590246726
55.0   -21.0   32.7773040534
60.0   -21.0   32.7997650144
65.0   -21.0   32.8266240219
70.0   -21.0   32.8581215941
75.0   -21.0   32.8945875844
80.0   -21.0   32.936396514
85.0   -21.0   32.9840328553
90.0   -21.0   33.0380188762
95.0   -21.0   33.0989524362
100.0   -21.0   33.1674829344
105.0   -21.0   33.2442597698
110.0   -21.0   33.3298979817
115.0   -21.0   33.424947326
120.0   -21.0   33.5297136042
125.0   -21.0   33.6442861518
130.0   -21.0   33.7682457799
135.0   -21.0   33.9005994921
140.0   -21.0   34.0395365302
145.0   -21.0   34.1822084718
150.0   -21.0   34.3244646606
155.0   -21.0   34.4606529196
160.0   -21.0   34.5833687252
165.0   -21.0   34.6833143321
170.0   -21.0   34.7492953377
175.0   -21.0   34.7682481694
180.0   -21.0   34.7255252707
185.0   -21.0   34.6052833663
190.0   -21.0   34.3910469616
195.0   -21.0   34.0660759921
200.0   -21.0   33.6121907202
-200.0   -27.0   33.6198117102
-195.0   -27.0   33.3827673111
-190.0   -27.0   33.2535781308
-185.0   -27.0   33.1941907591
-180.0   -27.0   33.1816013509
-175.0   -27.0   33.1992175888
-170.0   -27.0   33.2348005338
-165.0   -27.0   33.2793582425
-160.0   -27.0   33.3264688798
-155.0   -27.0   33.3717756308
-150.0   -27.0   33.4124438172
-145.0   -27.0   33.4468172994
-140.0   -27.0   33.4740061604
-135.0   -27.0   33.4937080344
-130.0   -27.0   33.5059401012
-125.0   -27.0   33.5109772389
-120.0   -27.0   33.5092077124
-115.0   -27.0   33.501109122
-110.0   -27.0   33.4872071719
-105.0   -27.0   33.4680516177
-100.0   -27.0   33.4441715996
-95.0   -27.0   33.4161512329
-90.0   -27.0   33.384488734
-85.0   -27.0   33.3497304227
-80.0   -27.0   33.3124157468
-75.0   -27.0   33.2730085629
-70.0   -27.0   33.2320277029
-65.0   -27.0   33.1899164076
-60.0   -27.0   33.1471488413
-55.0   -27.0   33.1041613726
-50.0   -27.0   33.0613525746
-45.0   -27.0   33.0191175841
-40.0   -27.0   32.9778274866
-35.0   -27.0   32.937846495
-30.0   -27.0   32.8994563593
-25.0   -27.0   32.862993805
-20.0   -27.0   32.8286993501
-15.0   -27.0   32.7968306928
-10.0   -27.0   32.7675939914
-5.0   -27.0   32.7411988404
0.0   -27.0   32.7177895506
5.0   -27.0   32.697513869
10.0   -27.0   32.6805057985
15.0   -27.0   32.6668340586
20.0   -27.0   32.6566189084
25.0   -27.0   32.6499015795
30.0   -27.0   32.6467439196
35.0   -27.0   32.6472009041
40.0   -27.0   32.6513481245
45.0   -27.0   32.6592233766
50.0   -27.0   32.6709297394
55.0   -27.0   32.6865702923
60.0   -27.0   32.7062824742
65.0   -27.0   32.7302552637
70.0   -27.0   32.758708563
75.0   -27.0   32.791944738
80.0   -27.0   32.8303108218
85.0   -27.0   32.8742569272
90.0   -27.0   32.9242469105
95.0   -27.0   32.9808614514
100.0   -27.0   33.0446812295
105.0   -27.0   33.1163625157
110.0   -27.0   33.1964997335
115.0   -27.0   33.2856357667
120.0   -27.0   33.3841726244
125.0   -27.0   33.4922477455
130.0   -27.0   33.6096377916
135.0   -27.0   33.7355559248
140.0   -27.0   33.8685006245
145.0   -27.0   34.0060254773
150.0   -27.0   34.1444574273
155.0   -27.0   34.2787181049
160.0   -27.0   34.4020730016
165.0   -27.0   34.5059699785
170.0   -27.0   34.5799636751
175.0   -27.0   34.6117979727
180.0   -27.0   34.5876327687
185.0   -27.0   34.4923635221
190.0   -27.0   34.3102019332
195.0   -27.0   34.0250985681
200.0   -27.0   33.6198117102
-200.0   -30.0   33.6230965012
-195.0   -30.0   33.4321216393
-190.0   -30.0   33.3335641658
-185.0   -30.0   33.2962151302
-180.0   -30.0   33.3002249117
-175.0   -30.0   33.3308016428
-170.0   -30.0   33.3767612289
-165.0   -30.0   33.4297920491
-160.0   -30.0   33.483912073
-155.0   -30.0   33.5350118759
-150.0   -30.0   33.5804526299
-145.0   -30.0   33.6186709669
-140.0   -30.0   33.6488697409
-135.0   -30.0   33.670791254
-130.0   -30.0   33.6845214054
-125.0   -30.0   33.6903728689
-120.0   -30.0   33.6887991929
-115.0   -30.0   33.6803432612
-110.0   -30.0   33.6655994975
-105.0   -30.0   33.6451588892
-100.0   -30.0   33.6196192956
-95.0   -30.0   33.589623244
-90.0   -30.0   33.5557342341
-85.0   -30.0   33.5185569972
-80.0   -30.0   33.478655033
-75.0   -30.0   33.4365643535
-70.0   -30.0   33.3928312785
-65.0   -30.0   33.3479471523
-60.0   -30.0   33.302410191
-55.0   -30.0   33.2566842512
-50.0   -30.0   33.2112091375
-45.0   -30.0   33.1663868588
-40.0   -30.0   33.12262286
-35.0   -30.0   33.0802538666
-30.0   -30.0   33.039626912
-25.0   -30.0   33.0010443618
-20.0   -30.0   32.964770786
-15.0   -30.0   32.9310673186
-10.0   -30.0   32.9001298102
-5.0   -30.0   32.872174727
0.0   -30.0   32.8473463801
5.0   -30.0   32.8257719004
10.0   -30.0   32.8075852909
15.0   -30.0   32.7928758869
20.0   -30.0   32.781691792
25.0   -30.0   32.7741085978
30.0   -30.0   32.7701606638
35.0   -30.0   32.7699029658
40.0   -30.0   32.7733836073
45.0   -30.0   32.7806369481
50.0   -30.0   32.7917248356
55.0   -30.0   32.8067366053
60.0   -30.0   32.8257753364
65.0   -30.0   32.8490162634
70.0   -30.0   32.8766346211
75.0   -30.0   32.9088812355
80.0   -30.0   32.9460722164
85.0   -30.0   32.9885717767
90.0   -30.0   33.0368231573
95.0   -30.0   33.0913005225
100.0   -30.0   33.1525398842
105.0   -30.0   33.2210841263
110.0   -30.0   33.2974623887
115.0   -30.0   33.38212822
120.0   -30.0   33.4753977298
125.0   -30.0   33.5773533815
130.0   -30.0   33.687730605
135.0   -30.0   33.8057288185
140.0   -30.0   33.929898041
145.0   -30.0   34.0578674506
150.0   -30.0   34.1861632777
155.0   -30.0   34.3099545431
160.0   -30.0   34.4228640793
165.0   -30.0   34.5167520644
170.0   -30.0   34.5817228937
175.0   -30.0   34.6060942561
180.0   -30.0   34.5766651402
185.0   -30.0   34.4789975839
190.0   -30.0   34.2979526865
195.0   -30.0   34.0181613369
200.0   -30.0   33.6230965012
