-200.0   18.0   102683008.0
-195.0   18.0   140189600.0
-190.0   18.0   165270016.0
-185.0   18.0   182598768.0
-180.0   18.0   194646048.0
-175.0   18.0   203068608.0
-170.0   18.0   208987088.0
-165.0   18.0   213164336.0
-160.0   18.0   216121536.0
-155.0   18.0   218216112.0
-150.0   18.0   219693408.0
-145.0   18.0   220722656.0
-140.0   18.0   221422112.0
-135.0   18.0   221874880.0
-130.0   18.0   222139696.0
-125.0   18.0   222259808.0
-120.0   18.0   222266528.0
-115.0   18.0   222183712.0
-110.0   18.0   222029440.0
-105.0   18.0   221817920.0
-100.0   18.0   221560224.0
-95.0   18.0   221265456.0
-90.0   18.0   220941376.0
-85.0   18.0   220594064.0
-80.0   18.0   220229008.0
-75.0   18.0   219851120.0
-70.0   18.0   219464400.0
-65.0   18.0   219072848.0
-60.0   18.0   218679808.0
-55.0   18.0   218288448.0
-50.0   18.0   217901872.0
-45.0   18.0   217522800.0
-40.0   18.0   217153440.0
-35.0   18.0   216796432.0
-30.0   18.0   216454032.0
-25.0   18.0   216128032.0
-20.0   18.0   215820192.0
-15.0   18.0   215532208.0
-10.0   18.0   215265728.0
-5.0   18.0   215021584.0
0.0   18.0   214801360.0
5.0   18.0   214605808.0
10.0   18.0   214435712.0
15.0   18.0   214291824.0
20.0   18.0   214174800.0
25.0   18.0   214085152.0
30.0   18.0   214023312.0
35.0   18.0   213989984.0
40.0   18.0   213985664.0
45.0   18.0   214010912.0
50.0   18.0   214067024.0
55.0   18.0   214154640.0
60.0   18.0   214275360.0
65.0   18.0   214430688.0
70.0   18.0   214622704.0
75.0   18.0   214853424.0
80.0   18.0   215125408.0
85.0   18.0   215440816.0
90.0   18.0   215801760.0
95.0   18.0   216209456.0
100.0   18.0   216664208.0
105.0   18.0   217163504.0
110.0   18.0   217702176.0
115.0   18.0   218269904.0
120.0   18.0   218849664.0
125.0   18.0   219415264.0
130.0   18.0   219927808.0
135.0   18.0   220332320.0
140.0   18.0   220552496.0
145.0   18.0   220484544.0
150.0   18.0   219989648.0
155.0   18.0   218885232.0
160.0   18.0   216932224.0
165.0   18.0   213820848.0
170.0   18.0   209149808.0
175.0   18.0   202398944.0
180.0   18.0   192889808.0
185.0   18.0   179724944.0
190.0   18.0   161686112.0
195.0   18.0   136995968.0
200.0   18.0   102683008.0
-200.0   12.0   102644712.0
-195.0   12.0   135695280.0
-190.0   12.0   158483568.0
-185.0   12.0   174605168.0
-180.0   12.0   186090688.0
-175.0   12.0   194332848.0
-170.0   12.0   200292368.0
-165.0   12.0   204634528.0
-160.0   12.0   207820416.0
-155.0   12.0   210170368.0
-150.0   12.0   211907648.0
-145.0   12.0   213188592.0
-140.0   12.0   214124000.0
-135.0   12.0   214792864.0
-130.0   12.0   215252928.0
-125.0   12.0   215546848.0
-120.0   12.0   215706880.0
-115.0   12.0   215757856.0
-110.0   12.0   215719392.0
-105.0   12.0   215607088.0
-100.0   12.0   215433568.0
-95.0   12.0   215209744.0
-90.0   12.0   214944288.0
-85.0   12.0   214645072.0
-80.0   12.0   214318800.0
-75.0   12.0   213971344.0
-70.0   12.0   213608256.0
-65.0   12.0   213234208.0
-60.0   12.0   212853760.0
-55.0   12.0   212470976.0
-50.0   12.0   212089744.0
-45.0   12.0   211713744.0
-40.0   12.0   211346016.0
-35.0   12.0   210989936.0
-30.0   12.0   210648384.0
-25.0   12.0   210323808.0
-20.0   12.0   210018816.0
-15.0   12.0   209735616.0
-10.0   12.0   209476032.0
-5.0   12.0   209241968.0
0.0   12.0   209034992.0
5.0   12.0   208856400.0
10.0   12.0   208707232.0
15.0   12.0   208588720.0
20.0   12.0   208501392.0
25.0   12.0   208446272.0
30.0   12.0   208423680.0
35.0   12.0   208434496.0
40.0   12.0   208478928.0
45.0   12.0   208557744.0
50.0   12.0   208671728.0
55.0   12.0   208821760.0
60.0   12.0   209008528.0
65.0   12.0   209233344.0
70.0   12.0   209497408.0
75.0   12.0   209802144.0
80.0   12.0   210149152.0
85.0   12.0   210539328.0
90.0   12.0   210973664.0
95.0   12.0   211451776.0
100.0   12.0   211971712.0
105.0   12.0   212529424.0
110.0   12.0   213117232.0
115.0   12.0   213722112.0
120.0   12.0   214324288.0
125.0   12.0   214894752.0
130.0   12.0   215391584.0
135.0   12.0   215757296.0
140.0   12.0   215912960.0
145.0   12.0   215753616.0
150.0   12.0   215141216.0
155.0   12.0   213895744.0
160.0   12.0   211786064.0
165.0   12.0   208516608.0
170.0   12.0   203711968.0
175.0   12.0   196894832.0
180.0   12.0   187456768.0
185.0   12.0   174612608.0
190.0   12.0   157325712.0
195.0   12.0   134132272.0
200.0   12.0   102644712.0
-200.0   15.0   102677456.0
-195.0   15.0   139580096.0
-190.0   15.0   164468368.0
-185.0   15.0   181778272.0
-180.0   15.0   193900816.0
-175.0   15.0   202447040.0
-170.0   15.0   208511456.0
-165.0   15.0   212841920.0
-160.0   15.0   215950704.0
-155.0   15.0   218189968.0
-150.0   15.0   219802176.0
-145.0   15.0   220955200.0
-140.0   15.0   221766816.0
-135.0   15.0   222319904.0
-130.0   15.0   222673728.0
-125.0   15.0   222872272.0
-120.0   15.0   222947344.0
-115.0   15.0   222923776.0
-110.0   15.0   222820160.0
-105.0   15.0   222651712.0
-100.0   15.0   222430176.0
-95.0   15.0   222165632.0
-90.0   15.0   221866048.0
-85.0   15.0   221538496.0
-80.0   15.0   221189008.0
-75.0   15.0   220822784.0
-70.0   15.0   220444528.0
-65.0   15.0   220058624.0
-60.0   15.0   219668976.0
-55.0   15.0   219279056.0
-50.0   15.0   218892192.0
-45.0   15.0   218511616.0
-40.0   15.0   218140080.0
-35.0   15.0   217780368.0
-30.0   15.0   217434768.0
-25.0   15.0   217105744.0
-20.0   15.0   216795120.0
-15.0   15.0   216504912.0
-10.0   15.0   216236768.0
-5.0   15.0   215992208.0
0.0   15.0   215772320.0
5.0   15.0   215578464.0
10.0   15.0   215411472.0
15.0   15.0   215272288.0
20.0   15.0   215161360.0
25.0   15.0   215079616.0
30.0   15.0   215027264.0
35.0   15.0   215005248.0
40.0   15.0   215013840.0
45.0   15.0   215054032.0
50.0   15.0   215126320.0
55.0   15.0   215231888.0
60.0   15.0   215371952.0
65.0   15.0   215547856.0
70.0   15.0   215761456.0
75.0   15.0   216014304.0
80.0   15.0   216308768.0
85.0   15.0   216646560.0
90.0   15.0   217029104.0
95.0   15.0   217457104.0
100.0   15.0   217929904.0
105.0   15.0   218444064.0
110.0   15.0   218993072.0
115.0   15.0   219565312.0
120.0   15.0   220142160.0
125.0   15.0   220695168.0
130.0   15.0   221183648.0
135.0   15.0   221549824.0
140.0   15.0   221714592.0
145.0   15.0   221571264.0
150.0   15.0   220978368.0
155.0   15.0   219750336.0
160.0   15.0   217646784.0
165.0   15.0   214357536.0
170.0   15.0   209483984.0
175.0   15.0   202513648.0
180.0   15.0   192783424.0
185.0   15.0   179423856.0
190.0   15.0   161265760.0
195.0   15.0   136620544.0
200.0   15.0   102677456.0
-200.0   21.0   102667648.0
-195.0   21.0   138158368.0
-190.0   21.0   161975392.0
-185.0   21.0   178471840.0
-180.0   21.0   189960320.0
-175.0   21.0   197998832.0
-170.0   21.0   203645776.0
-165.0   21.0   207625072.0
-160.0   21.0   210433520.0
-155.0   21.0   212412576.0
-150.0   21.0   213798288.0
-145.0   21.0   214753888.0
-140.0   21.0   215393232.0
-135.0   21.0   215797024.0
-130.0   21.0   216022512.0
-125.0   21.0   216111136.0
-120.0   21.0   216093504.0
-115.0   21.0   215992464.0
-110.0   21.0   215825584.0
-105.0   21.0   215606224.0
-100.0   21.0   215345216.0
-95.0   21.0   215051072.0
-90.0   21.0   214731008.0
-85.0   21.0   214390800.0
-80.0   21.0   214035552.0
-75.0   21.0   213669824.0
-70.0   21.0   213297344.0
-65.0   21.0   212921776.0
-60.0   21.0   212546160.0
-55.0   21.0   212173536.0
-50.0   21.0   211806512.0
-45.0   21.0   211447776.0
-40.0   21.0   211099504.0
-35.0   21.0   210763888.0
-30.0   21.0   210442944.0
-25.0   21.0   210138448.0
-20.0   21.0   209852000.0
-15.0   21.0   209585232.0
-10.0   21.0   209339424.0
-5.0   21.0   209115744.0
0.0   21.0   208915088.0
5.0   21.0   208738432.0
10.0   21.0   208586432.0
15.0   21.0   208459840.0
20.0   21.0   208359056.0
25.0   21.0   208284640.0
30.0   21.0   208237008.0
35.0   21.0   208216768.0
40.0   21.0   208224384.0
45.0   21.0   208260496.0
50.0   21.0   208325984.0
55.0   21.0   208421728.0
60.0   21.0   208549200.0
65.0   21.0   208709856.0
70.0   21.0   208905712.0
75.0   21.0   209138480.0
80.0   21.0   209410768.0
85.0   21.0   209724736.0
90.0   21.0   210082400.0
95.0   21.0   210485184.0
100.0   21.0   210933184.0
105.0   21.0   211424832.0
110.0   21.0   211955104.0
115.0   21.0   212514816.0
120.0   21.0   213088080.0
125.0   21.0   213651008.0
130.0   21.0   214167376.0
135.0   21.0   214585696.0
140.0   21.0   214834448.0
145.0   21.0   214816112.0
150.0   21.0   214399248.0
155.0   21.0   213410480.0
160.0   21.0   211621600.0
165.0   21.0   208735664.0
170.0   21.0   204366608.0
175.0   21.0   198011984.0
180.0   21.0   189014032.0
185.0   21.0   176499968.0
190.0   21.0   159283056.0
195.0   21.0   135630240.0
200.0   21.0   102667648.0
-200.0   -3.0   102455544.0
-195.0   -3.0   105512552.0
-190.0   -3.0   108427384.0
-185.0   -3.0   111053368.0
-180.0   -3.0   113314872.0
-175.0   -3.0   115178928.0
-170.0   -3.0   116641368.0
-165.0   -3.0   117716256.0
-160.0   -3.0   118428512.0
-155.0   -3.0   118808640.0
-150.0   -3.0   118889272.0
-145.0   -3.0   118702816.0
-140.0   -3.0   118280128.0
-135.0   -3.0   117649808.0
-130.0   -3.0   116837904.0
-125.0   -3.0   115867808.0
-120.0   -3.0   114760416.0
-115.0   -3.0   113534232.0
-110.0   -3.0   112205664.0
-105.0   -3.0   110789432.0
-100.0   -3.0   109298416.0
-95.0   -3.0   107744400.0
-90.0   -3.0   106138000.0
-85.0   -3.0   104489072.0
-80.0   -3.0   102806872.0
-75.0   -3.0   101100112.0
-70.0   -3.0   99377312.0
-65.0   -3.0   97646824.0
-60.0   -3.0   95916912.0
-55.0   -3.0   94195752.0
-50.0   -3.0   92491672.0
-45.0   -3.0   90812840.0
-40.0   -3.0   89167392.0
-35.0   -3.0   87563416.0
-30.0   -3.0   86008648.0
-25.0   -3.0   84510616.0
-20.0   -3.0   83076280.0
-15.0   -3.0   81712008.0
-10.0   -3.0   80423384.0
-5.0   -3.0   79215240.0
0.0   -3.0   78091408.0
5.0   -3.0   77054696.0
10.0   -3.0   76106912.0
15.0   -3.0   75248960.0
20.0   -3.0   74480944.0
25.0   -3.0   73802384.0
30.0   -3.0   73212552.0
35.0   -3.0   72710864.0
40.0   -3.0   72297376.0
45.0   -3.0   71973408.0
50.0   -3.0   71741976.0
55.0   -3.0   71608640.0
60.0   -3.0   71581992.0
65.0   -3.0   71674192.0
70.0   -3.0   71901312.0
75.0   -3.0   72283536.0
80.0   -3.0   72845008.0
85.0   -3.0   73613296.0
90.0   -3.0   74618376.0
95.0   -3.0   75891608.0
100.0   -3.0   77463336.0
105.0   -3.0   79361344.0
110.0   -3.0   81607768.0
115.0   -3.0   84216576.0
120.0   -3.0   87190496.0
125.0   -3.0   90517864.0
130.0   -3.0   94169864.0
135.0   -3.0   98097400.0
140.0   -3.0   102228152.0
145.0   -3.0   106464184.0
150.0   -3.0   110679440.0
155.0   -3.0   114717600.0
160.0   -3.0   118391344.0
165.0   -3.0   121481320.0
170.0   -3.0   123737792.0
175.0   -3.0   124882016.0
180.0   -3.0   124610120.0
185.0   -3.0   122596168.0
190.0   -3.0   118493760.0
195.0   -3.0   111930312.0
200.0   -3.0   102455544.0
-200.0   24.0   102640824.0
-195.0   24.0   134372320.0
-190.0   24.0   155947072.0
-185.0   24.0   171036736.0
-180.0   24.0   181641024.0
-175.0   24.0   189123504.0
-170.0   24.0   194420912.0
-165.0   24.0   198180912.0
-160.0   24.0   200852480.0
-155.0   24.0   202747328.0
-150.0   24.0   204082448.0
-145.0   24.0   205009552.0
-140.0   24.0   205635456.0
-135.0   24.0   206036064.0
-130.0   24.0   206265680.0
-125.0   24.0   206364080.0
-120.0   24.0   206360448.0
-115.0   24.0   206277056.0
-110.0   24.0   206130560.0
-105.0   24.0   205934080.0
-100.0   24.0   205697904.0
-95.0   24.0   205430496.0
-90.0   24.0   205138624.0
-85.0   24.0   204828000.0
-80.0   24.0   204503600.0
-75.0   24.0   204169648.0
-70.0   24.0   203829888.0
-65.0   24.0   203487616.0
-60.0   24.0   203146048.0
-55.0   24.0   202807856.0
-50.0   24.0   202475728.0
-45.0   24.0   202152000.0
-40.0   24.0   201838912.0
-35.0   24.0   201538496.0
-30.0   24.0   201252736.0
-25.0   24.0   200983296.0
-20.0   24.0   200731840.0
-15.0   24.0   200499600.0
-10.0   24.0   200287936.0
-5.0   24.0   200098080.0
0.0   24.0   199930784.0
5.0   24.0   199786992.0
10.0   24.0   199667328.0
15.0   24.0   199572384.0
20.0   24.0   199502656.0
25.0   24.0   199458624.0
30.0   24.0   199440688.0
35.0   24.0   199449296.0
40.0   24.0   199484672.0
45.0   24.0   199547696.0
50.0   24.0   199638768.0
55.0   24.0   199758912.0
60.0   24.0   199909184.0
65.0   24.0   200090800.0
70.0   24.0   200305312.0
75.0   24.0   200554432.0
80.0   24.0   200840144.0
85.0   24.0   201164128.0
90.0   24.0   201528032.0
95.0   24.0   201932752.0
100.0   24.0   202378224.0
105.0   24.0   202862448.0
110.0   24.0   203380688.0
115.0   24.0   203924144.0
120.0   24.0   204478176.0
125.0   24.0   205020368.0
130.0   24.0   205517648.0
135.0   24.0   205922752.0
140.0   24.0   206169792.0
145.0   24.0   206169072.0
150.0   24.0   205799584.0
155.0   24.0   204901168.0
160.0   24.0   203262848.0
165.0   24.0   200609456.0
170.0   24.0   196582528.0
175.0   24.0   190715808.0
180.0   24.0   182398864.0
185.0   24.0   170823872.0
190.0   24.0   154896064.0
195.0   24.0   133029200.0
200.0   24.0   102640824.0
-200.0   -6.0   102453432.0
-195.0   -6.0   104472000.0
-190.0   -6.0   106536624.0
-185.0   -6.0   108459440.0
-180.0   -6.0   110135208.0
-175.0   -6.0   111507104.0
-170.0   -6.0   112551672.0
-165.0   -6.0   113268056.0
-160.0   -6.0   113669448.0
-155.0   -6.0   113777688.0
-150.0   -6.0   113618624.0
-145.0   -6.0   113219704.0
-140.0   -6.0   112607888.0
-135.0   -6.0   111808864.0
-130.0   -6.0   110846312.0
-125.0   -6.0   109741688.0
-120.0   -6.0   108514320.0
-115.0   -6.0   107181320.0
-110.0   -6.0   105757944.0
-105.0   -6.0   104257616.0
-100.0   -6.0   102692432.0
-95.0   -6.0   101073088.0
-90.0   -6.0   99409440.0
-85.0   -6.0   97710480.0
-80.0   -6.0   95984704.0
-75.0   -6.0   94240144.0
-70.0   -6.0   92484704.0
-65.0   -6.0   90726048.0
-60.0   -6.0   88971952.0
-55.0   -6.0   87230032.0
-50.0   -6.0   85508200.0
-45.0   -6.0   83814168.0
-40.0   -6.0   82155768.0
-35.0   -6.0   80540720.0
-30.0   -6.0   78976608.0
-25.0   -6.0   77470544.0
-20.0   -6.0   76029392.0
-15.0   -6.0   74659312.0
-10.0   -6.0   73365856.0
-5.0   -6.0   72153664.0
0.0   -6.0   71026456.0
5.0   -6.0   69987000.0
10.0   -6.0   69037112.0
15.0   -6.0   68177608.0
20.0   -6.0   67408744.0
25.0   -6.0   66730024.0
30.0   -6.0   66140876.0
35.0   -6.0   65640980.0
40.0   -6.0   65230736.0
45.0   -6.0   64911852.0
50.0   -6.0   64688048.0
55.0   -6.0   64565564.0
60.0   -6.0   64554004.0
65.0   -6.0   64666596.0
70.0   -6.0   64920668.0
75.0   -6.0   65337780.0
80.0   -6.0   65943432.0
85.0   -6.0   66766588.0
90.0   -6.0   67838520.0
95.0   -6.0   69191520.0
100.0   -6.0   70856936.0
105.0   -6.0   72862944.0
110.0   -6.0   75231888.0
115.0   -6.0   77977640.0
120.0   -6.0   81102688.0
125.0   -6.0   84595200.0
130.0   -6.0   88426256.0
135.0   -6.0   92546984.0
140.0   -6.0   96886008.0
145.0   -6.0   101346976.0
150.0   -6.0   105806336.0
155.0   -6.0   110111536.0
160.0   -6.0   114079872.0
165.0   -6.0   117498144.0
170.0   -6.0   120123680.0
175.0   -6.0   121686192.0
180.0   -6.0   121891000.0
185.0   -6.0   120422560.0
190.0   -6.0   116945632.0
195.0   -6.0   111100320.0
200.0   -6.0   102453432.0
-200.0   0.0   102466208.0
-195.0   0.0   107849720.0
-190.0   0.0   112520328.0
-185.0   0.0   116491320.0
-180.0   0.0   119796312.0
-175.0   0.0   122486328.0
-170.0   0.0   124620504.0
-165.0   0.0   126259744.0
-160.0   0.0   127462680.0
-155.0   0.0   128283680.0
-150.0   0.0   128771664.0
-145.0   0.0   128970272.0
-140.0   0.0   128917832.0
-135.0   0.0   128647888.0
-130.0   0.0   128189672.0
-125.0   0.0   127568784.0
-120.0   0.0   126807496.0
-115.0   0.0   125925320.0
-110.0   0.0   124939416.0
-105.0   0.0   123864768.0
-100.0   0.0   122714872.0
-95.0   0.0   121501576.0
-90.0   0.0   120235840.0
-85.0   0.0   118927552.0
-80.0   0.0   117585792.0
-75.0   0.0   116219424.0
-70.0   0.0   114836560.0
-65.0   0.0   113445192.0
-60.0   0.0   112053160.0
-55.0   0.0   110668032.0
-50.0   0.0   109297264.0
-45.0   0.0   107948184.0
-40.0   0.0   106627976.0
-35.0   0.0   105343600.0
-30.0   0.0   104101696.0
-25.0   0.0   102908632.0
-20.0   0.0   101770192.0
-15.0   0.0   100691768.0
-10.0   0.0   99678096.0
-5.0   0.0   98733248.0
0.0   0.0   97860616.0
5.0   0.0   97062728.0
10.0   0.0   96341528.0
15.0   0.0   95698216.0
20.0   0.0   95133448.0
25.0   0.0   94647400.0
30.0   0.0   94240176.0
35.0   0.0   93911856.0
40.0   0.0   93662944.0
45.0   0.0   93494736.0
50.0   0.0   93409648.0
55.0   0.0   93411704.0
60.0   0.0   93506864.0
65.0   0.0   93703520.0
70.0   0.0   94012568.0
75.0   0.0   94447624.0
80.0   0.0   95025160.0
85.0   0.0   95763888.0
90.0   0.0   96684512.0
95.0   0.0   97808688.0
100.0   0.0   99157936.0
105.0   0.0   100751832.0
110.0   0.0   102606296.0
115.0   0.0   104731080.0
120.0   0.0   107127328.0
125.0   0.0   109784512.0
130.0   0.0   112677464.0
135.0   0.0   115762888.0
140.0   0.0   118976040.0
145.0   0.0   122227064.0
150.0   0.0   125398000.0
155.0   0.0   128339296.0
160.0   0.0   130867624.0
165.0   0.0   132763920.0
170.0   0.0   133773032.0
175.0   0.0   133604432.0
180.0   0.0   131933480.0
185.0   0.0   128403256.0
190.0   0.0   122623728.0
195.0   0.0   114159800.0
200.0   0.0   102466208.0
-200.0   -9.0   102458304.0
-195.0   -9.0   104260952.0
-190.0   -9.0   106078848.0
-185.0   -9.0   107748888.0
-180.0   -9.0   109182168.0
-175.0   -9.0   110332888.0
-170.0   -9.0   111184936.0
-165.0   -9.0   111741408.0
-160.0   -9.0   112017496.0
-155.0   -9.0   112035144.0
-150.0   -9.0   111819568.0
-145.0   -9.0   111396632.0
-140.0   -9.0   110791664.0
-135.0   -9.0   110028312.0
-130.0   -9.0   109128360.0
-125.0   -9.0   108111256.0
-120.0   -9.0   106994528.0
-115.0   -9.0   105793504.0
-110.0   -9.0   104521720.0
-105.0   -9.0   103191248.0
-100.0   -9.0   101812400.0
-95.0   -9.0   100394760.0
-90.0   -9.0   98946760.0
-85.0   -9.0   97476072.0
-80.0   -9.0   95989856.0
-75.0   -9.0   94494968.0
-70.0   -9.0   92997904.0
-65.0   -9.0   91505088.0
-60.0   -9.0   90022816.0
-55.0   -9.0   88557424.0
-50.0   -9.0   87115200.0
-45.0   -9.0   85702432.0
-40.0   -9.0   84325344.0
-35.0   -9.0   82990144.0
-30.0   -9.0   81702728.0
-25.0   -9.0   80468832.0
-20.0   -9.0   79293840.0
-15.0   -9.0   78182584.0
-10.0   -9.0   77139424.0
-5.0   -9.0   76168088.0
0.0   -9.0   75271616.0
5.0   -9.0   74452424.0
10.0   -9.0   73712128.0
15.0   -9.0   73051816.0
20.0   -9.0   72472104.0
25.0   -9.0   71973288.0
30.0   -9.0   71555616.0
35.0   -9.0   71219560.0
40.0   -9.0   70966352.0
45.0   -9.0   70798200.0
50.0   -9.0   70718864.0
55.0   -9.0   70734176.0
60.0   -9.0   70852232.0
65.0   -9.0   71084104.0
70.0   -9.0   71443792.0
75.0   -9.0   71948616.0
80.0   -9.0   72618808.0
85.0   -9.0   73477384.0
90.0   -9.0   74549368.0
95.0   -9.0   75860600.0
100.0   -9.0   77436672.0
105.0   -9.0   79300848.0
110.0   -9.0   81472360.0
115.0   -9.0   83963840.0
120.0   -9.0   86778904.0
125.0   -9.0   89909456.0
130.0   -9.0   93332736.0
135.0   -9.0   97008560.0
140.0   -9.0   100876104.0
145.0   -9.0   104851376.0
150.0   -9.0   108823936.0
155.0   -9.0   112654600.0
160.0   -9.0   116173696.0
165.0   -9.0   119179432.0
170.0   -9.0   121438088.0
175.0   -9.0   122685144.0
180.0   -9.0   122627160.0
185.0   -9.0   120943936.0
190.0   -9.0   117289072.0
195.0   -9.0   111282496.0
200.0   -9.0   102458304.0
-200.0   -12.0   102469008.0
-195.0   -12.0   105228360.0
-190.0   -12.0   107683496.0
-185.0   -12.0   109778136.0
-180.0   -12.0   111495008.0
-175.0   -12.0   112841872.0
-170.0   -12.0   113841296.0
-165.0   -12.0   114523696.0
-160.0   -12.0   114922768.0
-155.0   -12.0   115072472.0
-150.0   -12.0   115005216.0
-145.0   -12.0   114750992.0
-140.0   -12.0   114336680.0
-135.0   -12.0   113786584.0
-130.0   -12.0   113121680.0
-125.0   -12.0   112360608.0
-120.0   -12.0   111519264.0
-115.0   -12.0   110611744.0
-110.0   -12.0   109649864.0
-105.0   -12.0   108644248.0
-100.0   -12.0   107603848.0
-95.0   -12.0   106536704.0
-90.0   -12.0   105449768.0
-85.0   -12.0   104349488.0
-80.0   -12.0   103241672.0
-75.0   -12.0   102131736.0
-70.0   -12.0   101024760.0
-65.0   -12.0   99925824.0
-60.0   -12.0   98839664.0
-55.0   -12.0   97771128.0
-50.0   -12.0   96724888.0
-45.0   -12.0   95705576.0
-40.0   -12.0   94717752.0
-35.0   -12.0   93765896.0
-30.0   -12.0   92854272.0
-25.0   -12.0   91987040.0
-20.0   -12.0   91167944.0
-15.0   -12.0   90400496.0
-10.0   -12.0   89687864.0
-5.0   -12.0   89032816.0
0.0   -12.0   88437624.0
5.0   -12.0   87904208.0
10.0   -12.0   87434072.0
15.0   -12.0   87028336.0
20.0   -12.0   86687920.0
25.0   -12.0   86413544.0
30.0   -12.0   86205960.0
35.0   -12.0   86066160.0
40.0   -12.0   85995528.0
45.0   -12.0   85996168.0
50.0   -12.0   86071128.0
55.0   -12.0   86224784.0
60.0   -12.0   86462888.0
65.0   -12.0   86793096.0
70.0   -12.0   87225016.0
75.0   -12.0   87770200.0
80.0   -12.0   88442384.0
85.0   -12.0   89257072.0
90.0   -12.0   90231248.0
95.0   -12.0   91382976.0
100.0   -12.0   92730112.0
105.0   -12.0   94289536.0
110.0   -12.0   96075544.0
115.0   -12.0   98098200.0
120.0   -12.0   100360984.0
125.0   -12.0   102858752.0
130.0   -12.0   105574792.0
135.0   -12.0   108477712.0
140.0   -12.0   111518496.0
145.0   -12.0   114626664.0
150.0   -12.0   117706736.0
155.0   -12.0   120634792.0
160.0   -12.0   123255224.0
165.0   -12.0   125377992.0
170.0   -12.0   126776832.0
175.0   -12.0   127188584.0
180.0   -12.0   126313248.0
185.0   -12.0   123813320.0
190.0   -12.0   119311376.0
195.0   -12.0   112377992.0
200.0   -12.0   102469008.0
-200.0   9.0   102589768.0
-195.0   9.0   128700192.0
-190.0   9.0   147351936.0
-185.0   9.0   160924800.0
-180.0   9.0   170858864.0
-175.0   9.0   178176544.0
-170.0   9.0   183604208.0
-165.0   9.0   187658048.0
-160.0   9.0   190704352.0
-155.0   9.0   193003280.0
-150.0   9.0   194739888.0
-145.0   9.0   196046752.0
-140.0   9.0   197019872.0
-135.0   9.0   197729424.0
-130.0   9.0   198227840.0
-125.0   9.0   198554768.0
-120.0   9.0   198740896.0
-115.0   9.0   198810448.0
-110.0   9.0   198782976.0
-105.0   9.0   198674432.0
-100.0   9.0   198497968.0
-95.0   9.0   198264800.0
-90.0   9.0   197984576.0
-85.0   9.0   197665680.0
-80.0   9.0   197315472.0
-75.0   9.0   196940624.0
-70.0   9.0   196547120.0
-65.0   9.0   196140512.0
-60.0   9.0   195725872.0
-55.0   9.0   195308016.0
-50.0   9.0   194891424.0
-45.0   9.0   194480144.0
-40.0   9.0   194078288.0
-35.0   9.0   193689344.0
-30.0   9.0   193316768.0
-25.0   9.0   192963872.0
-20.0   9.0   192633504.0
-15.0   9.0   192328288.0
-10.0   9.0   192050672.0
-5.0   9.0   191802800.0
0.0   9.0   191586592.0
5.0   9.0   191403680.0
10.0   9.0   191255424.0
15.0   9.0   191143072.0
20.0   9.0   191067552.0
25.0   9.0   191029728.0
30.0   9.0   191030224.0
35.0   9.0   191069728.0
40.0   9.0   191148720.0
45.0   9.0   191267952.0
50.0   9.0   191427904.0
55.0   9.0   191629520.0
60.0   9.0   191873616.0
65.0   9.0   192161376.0
70.0   9.0   192494048.0
75.0   9.0   192873088.0
80.0   9.0   193299904.0
85.0   9.0   193775760.0
90.0   9.0   194301568.0
95.0   9.0   194877168.0
100.0   9.0   195501040.0
105.0   9.0   196169440.0
110.0   9.0   196875104.0
115.0   9.0   197606000.0
120.0   9.0   198343584.0
125.0   9.0   199060240.0
130.0   9.0   199716880.0
135.0   9.0   200259024.0
140.0   9.0   200612752.0
145.0   9.0   200679808.0
150.0   9.0   200331168.0
155.0   9.0   199400256.0
160.0   9.0   197674448.0
165.0   9.0   194885184.0
170.0   9.0   190695712.0
175.0   9.0   184685920.0
180.0   9.0   176331600.0
185.0   9.0   164974128.0
190.0   9.0   149769824.0
195.0   9.0   129572656.0
200.0   9.0   102589768.0
-200.0   3.0   102489576.0
-195.0   3.0   112648928.0
-190.0   3.0   120748672.0
-185.0   3.0   127212136.0
-180.0   3.0   132342936.0
-175.0   3.0   136392496.0
-170.0   3.0   139565840.0
-165.0   3.0   142028336.0
-160.0   3.0   143911712.0
-155.0   3.0   145320704.0
-150.0   3.0   146338544.0
-145.0   3.0   147031328.0
-140.0   3.0   147452144.0
-135.0   3.0   147644112.0
-130.0   3.0   147642464.0
-125.0   3.0   147476320.0
-120.0   3.0   147170224.0
-115.0   3.0   146744832.0
-110.0   3.0   146217840.0
-105.0   3.0   145604512.0
-100.0   3.0   144918192.0
-95.0   3.0   144170672.0
-90.0   3.0   143372320.0
-85.0   3.0   142532624.0
-80.0   3.0   141660224.0
-75.0   3.0   140763104.0
-70.0   3.0   139848672.0
-65.0   3.0   138924016.0
-60.0   3.0   137995904.0
-55.0   3.0   137070832.0
-50.0   3.0   136154928.0
-45.0   3.0   135254192.0
-40.0   3.0   134374496.0
-35.0   3.0   133521200.0
-30.0   3.0   132699600.0
-25.0   3.0   131914560.0
-20.0   3.0   131170688.0
-15.0   3.0   130472008.0
-10.0   3.0   129822360.0
-5.0   3.0   129224912.0
0.0   3.0   128682544.0
5.0   3.0   128197416.0
10.0   3.0   127771456.0
15.0   3.0   127406168.0
20.0   3.0   127102416.0
25.0   3.0   126861168.0
30.0   3.0   126682960.0
35.0   3.0   126568432.0
40.0   3.0   126518384.0
45.0   3.0   126533840.0
50.0   3.0   126616456.0
55.0   3.0   126768680.0
60.0   3.0   126993760.0
65.0   3.0   127296152.0
70.0   3.0   127681592.0
75.0   3.0   128156984.0
80.0   3.0   128730832.0
85.0   3.0   129412448.0
90.0   3.0   130212208.0
95.0   3.0   131140640.0
100.0   3.0   132207936.0
105.0   3.0   133422512.0
110.0   3.0   134790272.0
115.0   3.0   136312208.0
120.0   3.0   137982976.0
125.0   3.0   139787872.0
130.0   3.0   141700080.0
135.0   3.0   143677728.0
140.0   3.0   145659312.0
145.0   3.0   147560576.0
150.0   3.0   149268976.0
155.0   3.0   150639936.0
160.0   3.0   151492304.0
165.0   3.0   151603808.0
170.0   3.0   150707808.0
175.0   3.0   148490080.0
180.0   3.0   144585696.0
185.0   3.0   138575008.0
190.0   3.0   129973472.0
195.0   3.0   118204160.0
200.0   3.0   102489576.0
-200.0   -18.0   102501928.0
-195.0   -18.0   110631176.0
-190.0   -18.0   116925696.0
-185.0   -18.0   121802712.0
-180.0   -18.0   125556216.0
-175.0   -18.0   128422680.0
-170.0   -18.0   130590560.0
-165.0   -18.0   132208104.0
-160.0   -18.0   133391432.0
-155.0   -18.0   134230752.0
-150.0   -18.0   134796304.0
-145.0   -18.0   135142704.0
-140.0   -18.0   135312640.0
-135.0   -18.0   135339920.0
-130.0   -18.0   135251120.0
-125.0   -18.0   135067904.0
-120.0   -18.0   134807536.0
-115.0   -18.0   134484368.0
-110.0   -18.0   134110032.0
-105.0   -18.0   133694424.0
-100.0   -18.0   133245728.0
-95.0   -18.0   132770936.0
-90.0   -18.0   132276232.0
-85.0   -18.0   131766872.0
-80.0   -18.0   131247616.0
-75.0   -18.0   130722792.0
-70.0   -18.0   130196568.0
-65.0   -18.0   129672536.0
-60.0   -18.0   129154288.0
-55.0   -18.0   128645216.0
-50.0   -18.0   128148648.0
-45.0   -18.0   127667688.0
-40.0   -18.0   127205408.0
-35.0   -18.0   126764744.0
-30.0   -18.0   126348400.0
-25.0   -18.0   125959048.0
-20.0   -18.0   125599088.0
-15.0   -18.0   125270728.0
-10.0   -18.0   124976096.0
-5.0   -18.0   124716968.0
0.0   -18.0   124494920.0
5.0   -18.0   124311416.0
10.0   -18.0   124167640.0
15.0   -18.0   124064552.0
20.0   -18.0   124003152.0
25.0   -18.0   123984056.0
30.0   -18.0   124008200.0
35.0   -18.0   124076320.0
40.0   -18.0   124189304.0
45.0   -18.0   124348336.0
50.0   -18.0   124554824.0
55.0   -18.0   124810656.0
60.0   -18.0   125118192.0
65.0   -18.0   125480448.0
70.0   -18.0   125901000.0
75.0   -18.0   126384408.0
80.0   -18.0   126935592.0
85.0   -18.0   127560448.0
90.0   -18.0   128265176.0
95.0   -18.0   129056336.0
100.0   -18.0   129940016.0
105.0   -18.0   130921816.0
110.0   -18.0   132005544.0
115.0   -18.0   133192320.0
120.0   -18.0   134479056.0
125.0   -18.0   135856864.0
130.0   -18.0   137308576.0
135.0   -18.0   138806160.0
140.0   -18.0   140307328.0
145.0   -18.0   141751440.0
150.0   -18.0   143055680.0
155.0   -18.0   144108992.0
160.0   -18.0   144767600.0
165.0   -18.0   144848752.0
170.0   -18.0   144125104.0
175.0   -18.0   142318656.0
180.0   -18.0   139093808.0
185.0   -18.0   134049168.0
190.0   -18.0   126702464.0
195.0   -18.0   116458312.0
200.0   -18.0   102501928.0
-200.0   30.0   102583496.0
-195.0   30.0   125038000.0
-190.0   30.0   140966304.0
-185.0   30.0   152480784.0
-180.0   30.0   160830416.0
-175.0   30.0   166902144.0
-170.0   30.0   171328816.0
-165.0   30.0   174562896.0
-160.0   30.0   176928528.0
-155.0   30.0   178657248.0
-150.0   30.0   179915232.0
-145.0   30.0   180821648.0
-140.0   30.0   181462688.0
-135.0   30.0   181901216.0
-130.0   30.0   182183136.0
-125.0   30.0   182342944.0
-120.0   30.0   182406576.0
-115.0   30.0   182393920.0
-110.0   30.0   182320368.0
-105.0   30.0   182198176.0
-100.0   30.0   182037104.0
-95.0   30.0   181845088.0
-90.0   30.0   181628960.0
-85.0   30.0   181393904.0
-80.0   30.0   181145104.0
-75.0   30.0   180886592.0
-70.0   30.0   180622112.0
-65.0   30.0   180355040.0
-60.0   30.0   180088336.0
-55.0   30.0   179824800.0
-50.0   30.0   179566864.0
-45.0   30.0   179317200.0
-40.0   30.0   179077776.0
-35.0   30.0   178850560.0
-30.0   30.0   178637600.0
-25.0   30.0   178440464.0
-20.0   30.0   178260608.0
-15.0   30.0   178099568.0
-10.0   30.0   177958528.0
-5.0   30.0   177838448.0
0.0   30.0   177740400.0
5.0   30.0   177665008.0
10.0   30.0   177613056.0
15.0   30.0   177585024.0
20.0   30.0   177581264.0
25.0   30.0   177602208.0
30.0   30.0   177648176.0
35.0   30.0   177719328.0
40.0   30.0   177816000.0
45.0   30.0   177938624.0
50.0   30.0   178087296.0
55.0   30.0   178262544.0
60.0   30.0   178465024.0
65.0   30.0   178695312.0
70.0   30.0   178954192.0
75.0   30.0   179242656.0
80.0   30.0   179561504.0
85.0   30.0   179911504.0
90.0   30.0   180293168.0
95.0   30.0   180706512.0
100.0   30.0   181150304.0
105.0   30.0   181622272.0
110.0   30.0   182117344.0
115.0   30.0   182627728.0
120.0   30.0   183140608.0
125.0   30.0   183637248.0
130.0   30.0   184090368.0
135.0   30.0   184461488.0
140.0   30.0   184697344.0
145.0   30.0   184725344.0
150.0   30.0   184448048.0
155.0   30.0   183736144.0
160.0   30.0   182419600.0
165.0   30.0   180276848.0
170.0   30.0   177020496.0
175.0   30.0   172279312.0
180.0   30.0   165572704.0
185.0   30.0   156274240.0
190.0   30.0   143553680.0
195.0   30.0   126250504.0
200.0   30.0   102583496.0
-200.0   27.0   102610792.0
-195.0   27.0   129734048.0
-190.0   27.0   148539104.0
-185.0   27.0   161889728.0
-180.0   27.0   171405984.0
-175.0   27.0   178212848.0
-170.0   27.0   183096272.0
-165.0   27.0   186608112.0
-160.0   27.0   189136192.0
-155.0   27.0   190953792.0
-150.0   27.0   192253648.0
-145.0   27.0   193171952.0
-140.0   27.0   193805984.0
-135.0   27.0   194225360.0
-130.0   27.0   194480704.0
-125.0   27.0   194609360.0
-120.0   27.0   194639056.0
-115.0   27.0   194590816.0
-110.0   27.0   194480816.0
-105.0   27.0   194321744.0
-100.0   27.0   194123760.0
-95.0   27.0   193894784.0
-90.0   27.0   193641872.0
-85.0   27.0   193370448.0
-80.0   27.0   193085424.0
-75.0   27.0   192790912.0
-70.0   27.0   192490624.0
-65.0   27.0   192187984.0
-60.0   27.0   191885952.0
-55.0   27.0   191587344.0
-50.0   27.0   191294672.0
-45.0   27.0   191010224.0
-40.0   27.0   190736352.0
-35.0   27.0   190475008.0
-30.0   27.0   190228032.0
-25.0   27.0   189997136.0
-20.0   27.0   189783840.0
-15.0   27.0   189589616.0
-10.0   27.0   189415616.0
-5.0   27.0   189262896.0
0.0   27.0   189132512.0
5.0   27.0   189025152.0
10.0   27.0   188941536.0
15.0   27.0   188882160.0
20.0   27.0   188847504.0
25.0   27.0   188838016.0
30.0   27.0   188853984.0
35.0   27.0   188895744.0
40.0   27.0   188963712.0
45.0   27.0   189058208.0
50.0   27.0   189179760.0
55.0   27.0   189329152.0
60.0   27.0   189507072.0
65.0   27.0   189714432.0
70.0   27.0   189952448.0
75.0   27.0   190222384.0
80.0   27.0   190525616.0
85.0   27.0   190863344.0
90.0   27.0   191236592.0
95.0   27.0   191645744.0
100.0   27.0   192090256.0
105.0   27.0   192567680.0
110.0   27.0   193073344.0
115.0   27.0   193598576.0
120.0   27.0   194129920.0
125.0   27.0   194646704.0
130.0   27.0   195118592.0
135.0   27.0   195502912.0
140.0   27.0   195739952.0
145.0   27.0   195748576.0
150.0   27.0   195419600.0
155.0   27.0   194608064.0
160.0   27.0   193123392.0
165.0   27.0   190716512.0
170.0   27.0   187063856.0
175.0   27.0   181745296.0
180.0   27.0   174213216.0
185.0   27.0   163747392.0
190.0   27.0   149380048.0
195.0   27.0   129730896.0
200.0   27.0   102610792.0
-200.0   -15.0   102484288.0
-195.0   -15.0   107543576.0
-190.0   -15.0   111638904.0
-185.0   -15.0   114917872.0
-180.0   -15.0   117499024.0
-175.0   -15.0   119490712.0
-170.0   -15.0   120988808.0
-165.0   -15.0   122076208.0
-160.0   -15.0   122822888.0
-155.0   -15.0   123287816.0
-150.0   -15.0   123519712.0
-145.0   -15.0   123558944.0
-140.0   -15.0   123439000.0
-135.0   -15.0   123187560.0
-130.0   -15.0   122827640.0
-125.0   -15.0   122378512.0
-120.0   -15.0   121856080.0
-115.0   -15.0   121273928.0
-110.0   -15.0   120643472.0
-105.0   -15.0   119974216.0
-100.0   -15.0   119274472.0
-95.0   -15.0   118551368.0
-90.0   -15.0   117811072.0
-85.0   -15.0   117059080.0
-80.0   -15.0   116300368.0
-75.0   -15.0   115539464.0
-70.0   -15.0   114780856.0
-65.0   -15.0   114028280.0
-60.0   -15.0   113285840.0
-55.0   -15.0   112557224.0
-50.0   -15.0   111846232.0
-45.0   -15.0   111156344.0
-40.0   -15.0   110491136.0
-35.0   -15.0   109854056.0
-30.0   -15.0   109248304.0
-25.0   -15.0   108676992.0
-20.0   -15.0   108142968.0
-15.0   -15.0   107648928.0
-10.0   -15.0   107197288.0
-5.0   -15.0   106790200.0
0.0   -15.0   106429504.0
5.0   -15.0   106116776.0
10.0   -15.0   105853440.0
15.0   -15.0   105640528.0
20.0   -15.0   105478968.0
25.0   -15.0   105369712.0
30.0   -15.0   105313480.0
35.0   -15.0   105311344.0
40.0   -15.0   105364456.0
45.0   -15.0   105474448.0
50.0   -15.0   105643448.0
55.0   -15.0   105874392.0
60.0   -15.0   106171056.0
65.0   -15.0   106538320.0
70.0   -15.0   106982056.0
75.0   -15.0   107509496.0
80.0   -15.0   108129392.0
85.0   -15.0   108851144.0
90.0   -15.0   109685488.0
95.0   -15.0   110643568.0
100.0   -15.0   111736656.0
105.0   -15.0   112975328.0
110.0   -15.0   114368312.0
115.0   -15.0   115921280.0
120.0   -15.0   117635096.0
125.0   -15.0   119503872.0
130.0   -15.0   121512232.0
135.0   -15.0   123632864.0
140.0   -15.0   125822632.0
145.0   -15.0   128019288.0
150.0   -15.0   130136680.0
155.0   -15.0   132061008.0
160.0   -15.0   133645656.0
165.0   -15.0   134707488.0
170.0   -15.0   135022576.0
175.0   -15.0   134323120.0
180.0   -15.0   132294192.0
185.0   -15.0   128569424.0
190.0   -15.0   122723424.0
195.0   -15.0   114250696.0
200.0   -15.0   102484288.0
-200.0   -24.0   102528312.0
-195.0   -24.0   115043992.0
-190.0   -24.0   124496008.0
-185.0   -24.0   131688648.0
-180.0   -24.0   137159312.0
-175.0   -24.0   141319536.0
-170.0   -24.0   144482576.0
-165.0   -24.0   146885408.0
-160.0   -24.0   148706352.0
-155.0   -24.0   150079296.0
-150.0   -24.0   151104352.0
-145.0   -24.0   151856784.0
-140.0   -24.0   152393600.0
-135.0   -24.0   152758112.0
-130.0   -24.0   152983648.0
-125.0   -24.0   153096336.0
-120.0   -24.0   153116864.0
-115.0   -24.0   153061680.0
-110.0   -24.0   152944208.0
-105.0   -24.0   152775632.0
-100.0   -24.0   152565216.0
-95.0   -24.0   152320720.0
-90.0   -24.0   152048944.0
-85.0   -24.0   151755792.0
-80.0   -24.0   151446464.0
-75.0   -24.0   151125568.0
-70.0   -24.0   150797504.0
-65.0   -24.0   150465984.0
-60.0   -24.0   150134784.0
-55.0   -24.0   149807264.0
-50.0   -24.0   149486480.0
-45.0   -24.0   149175600.0
-40.0   -24.0   148877248.0
-35.0   -24.0   148594224.0
-30.0   -24.0   148328832.0
-25.0   -24.0   148083392.0
-20.0   -24.0   147859952.0
-15.0   -24.0   147660352.0
-10.0   -24.0   147486528.0
-5.0   -24.0   147339680.0
0.0   -24.0   147221296.0
5.0   -24.0   147132528.0
10.0   -24.0   147074272.0
15.0   -24.0   147047440.0
20.0   -24.0   147052496.0
25.0   -24.0   147090288.0
30.0   -24.0   147161136.0
35.0   -24.0   147265664.0
40.0   -24.0   147404144.0
45.0   -24.0   147577296.0
50.0   -24.0   147785760.0
55.0   -24.0   148030160.0
60.0   -24.0   148311728.0
65.0   -24.0   148631584.0
70.0   -24.0   148991232.0
75.0   -24.0   149392272.0
80.0   -24.0   149836752.0
85.0   -24.0   150326800.0
90.0   -24.0   150864256.0
95.0   -24.0   151451008.0
100.0   -24.0   152088080.0
105.0   -24.0   152775552.0
110.0   -24.0   153511376.0
115.0   -24.0   154291232.0
120.0   -24.0   155106288.0
125.0   -24.0   155942720.0
130.0   -24.0   156778976.0
135.0   -24.0   157583344.0
140.0   -24.0   158311040.0
145.0   -24.0   158900208.0
150.0   -24.0   159267408.0
155.0   -24.0   159301712.0
160.0   -24.0   158859072.0
165.0   -24.0   157754704.0
170.0   -24.0   155755024.0
175.0   -24.0   152568464.0
180.0   -24.0   147834272.0
185.0   -24.0   141107392.0
190.0   -24.0   131835464.0
195.0   -24.0   119309448.0
200.0   -24.0   102528312.0
-200.0   6.0   102531688.0
-195.0   6.0   120168600.0
-190.0   6.0   133380224.0
-185.0   6.0   143385344.0
-180.0   6.0   150979536.0
-175.0   6.0   156760416.0
-170.0   6.0   161173552.0
-165.0   6.0   164549744.0
-160.0   6.0   167133600.0
-155.0   6.0   169105536.0
-150.0   6.0   170599056.0
-145.0   6.0   171713408.0
-140.0   6.0   172523200.0
-135.0   6.0   173085328.0
-130.0   6.0   173443504.0
-125.0   6.0   173632512.0
-120.0   6.0   173679888.0
-115.0   6.0   173608304.0
-110.0   6.0   173436320.0
-105.0   6.0   173179664.0
-100.0   6.0   172851536.0
-95.0   6.0   172463584.0
-90.0   6.0   172025776.0
-85.0   6.0   171546896.0
-80.0   6.0   171035136.0
-75.0   6.0   170497648.0
-70.0   6.0   169941184.0
-65.0   6.0   169371904.0
-60.0   6.0   168795648.0
-55.0   6.0   168217952.0
-50.0   6.0   167643936.0
-45.0   6.0   167078640.0
-40.0   6.0   166526704.0
-35.0   6.0   165992416.0
-30.0   6.0   165480208.0
-25.0   6.0   164993760.0
-20.0   6.0   164536592.0
-15.0   6.0   164112224.0
-10.0   6.0   163723440.0
-5.0   6.0   163372912.0
0.0   6.0   163062944.0
5.0   6.0   162795600.0
10.0   6.0   162572352.0
15.0   6.0   162394704.0
20.0   6.0   162263760.0
25.0   6.0   162180352.0
30.0   6.0   162145328.0
35.0   6.0   162159344.0
40.0   6.0   162223024.0
45.0   6.0   162337248.0
50.0   6.0   162502800.0
55.0   6.0   162721072.0
60.0   6.0   162993552.0
65.0   6.0   163322352.0
70.0   6.0   163709936.0
75.0   6.0   164159184.0
80.0   6.0   164673536.0
85.0   6.0   165256560.0
90.0   6.0   165911776.0
95.0   6.0   166642304.0
100.0   6.0   167450064.0
105.0   6.0   168335264.0
110.0   6.0   169294848.0
115.0   6.0   170321680.0
120.0   6.0   171402096.0
125.0   6.0   172514144.0
130.0   6.0   173624480.0
135.0   6.0   174685328.0
140.0   6.0   175630560.0
145.0   6.0   176370928.0
150.0   6.0   176788848.0
155.0   6.0   176732704.0
160.0   6.0   176010320.0
165.0   6.0   174381952.0
170.0   6.0   171552400.0
175.0   6.0   167162688.0
180.0   6.0   160778608.0
185.0   6.0   151875616.0
190.0   6.0   139811952.0
195.0   6.0   123765184.0
200.0   6.0   102531688.0
-200.0   -21.0   102518064.0
-195.0   -21.0   113444496.0
-190.0   -21.0   121739880.0
-185.0   -21.0   128072912.0
-180.0   -21.0   132896664.0
-175.0   -21.0   136562160.0
-170.0   -21.0   139339296.0
-165.0   -21.0   141434208.0
-160.0   -21.0   143003200.0
-155.0   -21.0   144164592.0
-150.0   -21.0   145007744.0
-145.0   -21.0   145600304.0
-140.0   -21.0   145993840.0
-135.0   -21.0   146228016.0
-130.0   -21.0   146333600.0
-125.0   -21.0   146334704.0
-120.0   -21.0   146250624.0
-115.0   -21.0   146096912.0
-110.0   -21.0   145886112.0
-105.0   -21.0   145628816.0
-100.0   -21.0   145333616.0
-95.0   -21.0   145008000.0
-90.0   -21.0   144658400.0
-85.0   -21.0   144290304.0
-80.0   -21.0   143908656.0
-75.0   -21.0   143517984.0
-70.0   -21.0   143122304.0
-65.0   -21.0   142725472.0
-60.0   -21.0   142330992.0
-55.0   -21.0   141942240.0
-50.0   -21.0   141562256.0
-45.0   -21.0   141194240.0
-40.0   -21.0   140840960.0
-35.0   -21.0   140505104.0
-30.0   -21.0   140189264.0
-25.0   -21.0   139895888.0
-20.0   -21.0   139626976.0
-15.0   -21.0   139384816.0
-10.0   -21.0   139171072.0
-5.0   -21.0   138987408.0
0.0   -21.0   138835296.0
5.0   -21.0   138715984.0
10.0   -21.0   138630544.0
15.0   -21.0   138579824.0
20.0   -21.0   138564752.0
25.0   -21.0   138585872.0
30.0   -21.0   138643904.0
35.0   -21.0   138739360.0
40.0   -21.0   138873056.0
45.0   -21.0   139045696.0
50.0   -21.0   139258208.0
55.0   -21.0   139511872.0
60.0   -21.0   139808112.0
65.0   -21.0   140148896.0
70.0   -21.0   140536464.0
75.0   -21.0   140973456.0
80.0   -21.0   141463024.0
85.0   -21.0   142008576.0
90.0   -21.0   142613600.0
95.0   -21.0   143281648.0
100.0   -21.0   144015712.0
105.0   -21.0   144817728.0
110.0   -21.0   145688144.0
115.0   -21.0   146624320.0
120.0   -21.0   147620000.0
125.0   -21.0   148663104.0
130.0   -21.0   149733776.0
135.0   -21.0   150801856.0
140.0   -21.0   151823360.0
145.0   -21.0   152737136.0
150.0   -21.0   153459440.0
155.0   -21.0   153879168.0
160.0   -21.0   153851696.0
165.0   -21.0   153191952.0
170.0   -21.0   151667232.0
175.0   -21.0   148989088.0
180.0   -21.0   144803584.0
185.0   -21.0   138678544.0
190.0   -21.0   130083024.0
195.0   -21.0   118344008.0
200.0   -21.0   102518064.0
-200.0   -27.0   102530184.0
-195.0   -27.0   114948368.0
-190.0   -27.0   124382008.0
-185.0   -27.0   131602528.0
-180.0   -27.0   137128016.0
-175.0   -27.0   141357296.0
-170.0   -27.0   144595856.0
-165.0   -27.0   147075776.0
-160.0   -27.0   148972768.0
-155.0   -27.0   150419008.0
-150.0   -27.0   151514192.0
-145.0   -27.0   152333152.0
-140.0   -27.0   152932992.0
-135.0   -27.0   153357008.0
-130.0   -27.0   153638800.0
-125.0   -27.0   153804752.0
-120.0   -27.0   153875680.0
-115.0   -27.0   153868288.0
-110.0   -27.0   153796400.0
-105.0   -27.0   153671184.0
-100.0   -27.0   153502208.0
-95.0   -27.0   153297520.0
-90.0   -27.0   153064080.0
-85.0   -27.0   152807936.0
-80.0   -27.0   152534368.0
-75.0   -27.0   152248224.0
-70.0   -27.0   151953920.0
-65.0   -27.0   151655344.0
-60.0   -27.0   151356224.0
-55.0   -27.0   151059968.0
-50.0   -27.0   150769792.0
-45.0   -27.0   150488496.0
-40.0   -27.0   150218960.0
-35.0   -27.0   149963728.0
-30.0   -27.0   149725104.0
-25.0   -27.0   149505408.0
-20.0   -27.0   149306576.0
-15.0   -27.0   149130272.0
-10.0   -27.0   148978192.0
-5.0   -27.0   148851792.0
0.0   -27.0   148752192.0
5.0   -27.0   148680544.0
10.0   -27.0   148637600.0
15.0   -27.0   148624144.0
20.0   -27.0   148640832.0
25.0   -27.0   148688048.0
30.0   -27.0   148766288.0
35.0   -27.0   148875872.0
40.0   -27.0   149017104.0
45.0   -27.0   149190448.0
50.0   -27.0   149396368.0
55.0   -27.0   149635328.0
60.0   -27.0   149908128.0
65.0   -27.0   150215664.0
70.0   -27.0   150558784.0
75.0   -27.0   150938992.0
80.0   -27.0   151357440.0
85.0   -27.0   151815472.0
90.0   -27.0   152314496.0
95.0   -27.0   152855168.0
100.0   -27.0   153437824.0
105.0   -27.0   154061568.0
110.0   -27.0   154723552.0
115.0   -27.0   155418400.0
120.0   -27.0   156136912.0
125.0   -27.0   156864704.0
130.0   -27.0   157580112.0
135.0   -27.0   158252032.0
140.0   -27.0   158836784.0
145.0   -27.0   159274496.0
150.0   -27.0   159484496.0
155.0   -27.0   159360288.0
160.0   -27.0   158762848.0
165.0   -27.0   157514144.0
170.0   -27.0   155388848.0
175.0   -27.0   152105040.0
180.0   -27.0   147313632.0
185.0   -27.0   140582976.0
190.0   -27.0   131378040.0
195.0   -27.0   119013296.0
200.0   -27.0   102530184.0
-200.0   -30.0   102524632.0
-195.0   -30.0   113170008.0
-190.0   -30.0   121384544.0
-185.0   -30.0   127758744.0
-180.0   -30.0   132698672.0
-175.0   -30.0   136524096.0
-170.0   -30.0   139484864.0
-165.0   -30.0   141773984.0
-160.0   -30.0   143540352.0
-155.0   -30.0   144897456.0
-150.0   -30.0   145932176.0
-145.0   -30.0   146710880.0
-140.0   -30.0   147284368.0
-135.0   -30.0   147692016.0
-130.0   -30.0   147964704.0
-125.0   -30.0   148126752.0
-120.0   -30.0   148197552.0
-115.0   -30.0   148193104.0
-110.0   -30.0   148126256.0
-105.0   -30.0   148007936.0
-100.0   -30.0   147847200.0
-95.0   -30.0   147651984.0
-90.0   -30.0   147428960.0
-85.0   -30.0   147184096.0
-80.0   -30.0   146922576.0
-75.0   -30.0   146649232.0
-70.0   -30.0   146368224.0
-65.0   -30.0   146083552.0
-60.0   -30.0   145798720.0
-55.0   -30.0   145517232.0
-50.0   -30.0   145241952.0
-45.0   -30.0   144975968.0
-40.0   -30.0   144721760.0
-35.0   -30.0   144481888.0
-30.0   -30.0   144258624.0
-25.0   -30.0   144054064.0
-20.0   -30.0   143870064.0
-15.0   -30.0   143708352.0
-10.0   -30.0   143570416.0
-5.0   -30.0   143457488.0
0.0   -30.0   143370816.0
5.0   -30.0   143311280.0
10.0   -30.0   143279792.0
15.0   -30.0   143276832.0
20.0   -30.0   143303056.0
25.0   -30.0   143358912.0
30.0   -30.0   143444608.0
35.0   -30.0   143560528.0
40.0   -30.0   143706928.0
45.0   -30.0   143884048.0
50.0   -30.0   144092400.0
55.0   -30.0   144332336.0
60.0   -30.0   144604512.0
65.0   -30.0   144909648.0
70.0   -30.0   145248640.0
75.0   -30.0   145622512.0
80.0   -30.0   146032416.0
85.0   -30.0   146479680.0
90.0   -30.0   146965152.0
95.0   -30.0   147489808.0
100.0   -30.0   148053728.0
105.0   -30.0   148656032.0
110.0   -30.0   149294256.0
115.0   -30.0   149963376.0
120.0   -30.0   150655216.0
125.0   -30.0   151356624.0
130.0   -30.0   152048000.0
135.0   -30.0   152701008.0
140.0   -30.0   153275968.0
145.0   -30.0   153718048.0
150.0   -30.0   153953552.0
155.0   -30.0   153884832.0
160.0   -30.0   153384288.0
165.0   -30.0   152288384.0
170.0   -30.0   150390352.0
175.0   -30.0   147431968.0
180.0   -30.0   143094672.0
185.0   -30.0   136987456.0
190.0   -30.0   128630040.0
195.0   -30.0   117417688.0
200.0   -30.0   102524632.0
