-200.0   0.0   2.01058066443
-195.0   0.0   2.03281902192
-190.0   0.0   2.05123098948
-185.0   0.0   2.06629356642
-180.0   0.0   2.07844344825
-175.0   0.0   2.08808761519
-170.0   0.0   2.09558950333
-165.0   0.0   2.10126490443
-160.0   0.0   2.10538304561
-155.0   0.0   2.10817140979
-150.0   0.0   2.10982030773
-145.0   0.0   2.11048961577
-140.0   0.0   2.11031299341
-135.0   0.0   2.10940266083
-130.0   0.0   2.10785303631
-125.0   0.0   2.1057444158
-120.0   0.0   2.10314492685
-115.0   0.0   2.10011306316
-110.0   0.0   2.09669947161
-105.0   0.0   2.09294779355
-100.0   0.0   2.08889719872
-95.0   0.0   2.08458191122
-90.0   0.0   2.08003394183
-85.0   0.0   2.07528247947
-80.0   0.0   2.07035484871
-75.0   0.0   2.06527871868
-70.0   0.0   2.06008017446
-65.0   0.0   2.05478609447
-60.0   0.0   2.04942410854
-55.0   0.0   2.04402218699
-50.0   0.0   2.03860929054
-45.0   0.0   2.03321534065
-40.0   0.0   2.02787116556
-35.0   0.0   2.0226081558
-30.0   0.0   2.01745780499
-25.0   0.0   2.01245180501
-20.0   0.0   2.00762059386
-15.0   0.0   2.0029939665
-10.0   0.0   1.99859973372
-5.0   0.0   1.99446342411
0.0   0.0   1.99060794517
5.0   0.0   1.98705249323
10.0   0.0   1.98381353005
15.0   0.0   1.98090384176
20.0   0.0   1.97833323753
25.0   0.0   1.97610868823
30.0   0.0   1.97423608852
35.0   0.0   1.97272042369
40.0   0.0   1.97156780434
45.0   0.0   1.97078715964
50.0   0.0   1.97039173551
55.0   0.0   1.97040129448
60.0   0.0   1.97084349203
65.0   0.0   1.97175590559
70.0   0.0   1.97318591581
75.0   0.0   1.97519103694
80.0   0.0   1.97783860953
85.0   0.0   1.98120177005
90.0   0.0   1.98535690954
95.0   0.0   1.99037743334
100.0   0.0   1.99632747823
105.0   0.0   2.00325295179
110.0   0.0   2.01117401023
115.0   0.0   2.02007558206
120.0   0.0   2.02990027275
125.0   0.0   2.04054107575
130.0   0.0   2.05183706388
135.0   0.0   2.06356935283
140.0   0.0   2.07545950977
145.0   0.0   2.08716737976
150.0   0.0   2.09829060989
155.0   0.0   2.10835965266
160.0   0.0   2.11683221754
165.0   0.0   2.12308006695
170.0   0.0   2.12636857058
175.0   0.0   2.12582086503
180.0   0.0   2.12035501794
185.0   0.0   2.10857603654
190.0   0.0   2.08857451539
195.0   0.0   2.05751319925
200.0   0.0   2.01058066443
-200.0   3.0   2.01058327528
-195.0   3.0   2.03243962377
-190.0   3.0   2.05056206753
-185.0   3.0   2.06540327243
-180.0   3.0   2.07738183156
-175.0   3.0   2.08689355664
-170.0   3.0   2.09429301391
-165.0   3.0   2.09988974257
-160.0   3.0   2.10394830669
-155.0   3.0   2.1066923623
-150.0   3.0   2.10831056899
-145.0   3.0   2.10896017365
-140.0   3.0   2.10877405712
-135.0   3.0   2.10786284757
-130.0   3.0   2.10632057449
-125.0   3.0   2.10422700303
-120.0   3.0   2.10164945667
-115.0   3.0   2.09864643885
-110.0   3.0   2.09526821281
-105.0   3.0   2.09155846537
-100.0   3.0   2.08755569634
-95.0   3.0   2.08329479675
-90.0   3.0   2.07880683867
-85.0   3.0   2.07412130591
-80.0   3.0   2.06926584425
-75.0   3.0   2.06426700743
-70.0   3.0   2.05915169186
-65.0   3.0   2.0539464105
-60.0   3.0   2.04867792097
-55.0   3.0   2.04337438307
-50.0   3.0   2.0380640999
-45.0   3.0   2.03277707624
-40.0   3.0   2.02754305205
-35.0   3.0   2.0223927683
-30.0   3.0   2.01735753602
-25.0   3.0   2.01246770642
-20.0   3.0   2.0077533069
-15.0   3.0   2.00324329608
-10.0   3.0   1.99896472925
-5.0   3.0   1.99494219233
0.0   3.0   1.99119792541
5.0   3.0   1.98775064926
10.0   3.0   1.98461594538
15.0   3.0   1.98180639784
20.0   3.0   1.97933126425
25.0   3.0   1.97719763516
30.0   3.0   1.97541096187
35.0   3.0   1.97397620878
40.0   3.0   1.97289959498
45.0   3.0   1.97218965192
50.0   3.0   1.97185941553
55.0   3.0   1.97192791427
60.0   3.0   1.97242276349
65.0   3.0   1.97337956056
70.0   3.0   1.97484463165
75.0   3.0   1.97687382474
80.0   3.0   1.97953205876
85.0   3.0   1.98289031266
90.0   3.0   1.987022854
95.0   3.0   1.99200052066
100.0   3.0   1.99788631291
105.0   3.0   2.00472500263
110.0   3.0   2.01253701083
115.0   3.0   2.02130880047
120.0   3.0   2.03098512993
125.0   3.0   2.04146333518
130.0   3.0   2.05258662062
135.0   3.0   2.06414161778
140.0   3.0   2.07585566058
145.0   3.0   2.08739489408
150.0   3.0   2.09836144997
155.0   3.0   2.10829131845
160.0   3.0   2.11664567337
165.0   3.0   2.1227994924
170.0   3.0   2.12602102982
175.0   3.0   2.12543475629
180.0   3.0   2.11996169739
185.0   3.0   2.10820978525
190.0   3.0   2.08827399164
195.0   3.0   2.05732769396
200.0   3.0   2.01058327528
-200.0   6.0   2.01059059916
-195.0   6.0   2.0313728466
-190.0   6.0   2.04867823156
-185.0   6.0   2.06289023517
-180.0   6.0   2.07438228017
-175.0   6.0   2.08351643677
-170.0   6.0   2.09062387747
-165.0   6.0   2.09599601899
-160.0   6.0   2.09988422157
-155.0   6.0   2.10250335188
-150.0   6.0   2.104034171
-145.0   6.0   2.10462966761
-140.0   6.0   2.10441770059
-135.0   6.0   2.10350676721
-130.0   6.0   2.1019882603
-125.0   6.0   2.0999401184
-120.0   6.0   2.09742893839
-115.0   6.0   2.09451160035
-110.0   6.0   2.09123764142
-105.0   6.0   2.08765054204
-100.0   6.0   2.08378815698
-95.0   6.0   2.0796849092
-90.0   6.0   2.07537154399
-85.0   6.0   2.07087711009
-80.0   6.0   2.06622881148
-75.0   6.0   2.06145317275
-70.0   6.0   2.05657618704
-65.0   6.0   2.051623544
-60.0   6.0   2.04662188335
-55.0   6.0   2.04159781321
-50.0   6.0   2.03657894862
-45.0   6.0   2.03159355141
-40.0   6.0   2.02666979864
-35.0   6.0   2.02183736173
-30.0   6.0   2.01712443136
-25.0   6.0   2.01256043612
-20.0   6.0   2.0081725815
-15.0   6.0   2.00398784518
-10.0   6.0   2.00003067748
-5.0   6.0   1.99632393932
0.0   6.0   1.99288778266
5.0   6.0   1.9897389544
10.0   6.0   1.98689177995
15.0   6.0   1.9843573787
20.0   6.0   1.98214447294
25.0   6.0   1.98025912527
30.0   6.0   1.97870672186
35.0   6.0   1.97749178561
40.0   6.0   1.9766203956
45.0   6.0   1.97610039205
50.0   6.0   1.97594438701
55.0   6.0   1.97616995025
60.0   6.0   1.97680207026
65.0   6.0   1.97787392745
70.0   6.0   1.97942781166
75.0   6.0   1.98151472117
80.0   6.0   1.98419386323
85.0   6.0   1.98753012891
90.0   6.0   1.99159175719
95.0   6.0   1.99644431626
100.0   6.0   2.00214597571
105.0   6.0   2.00873966859
110.0   6.0   2.01624608548
115.0   6.0   2.02465498491
120.0   6.0   2.03391837641
125.0   6.0   2.04394331711
130.0   6.0   2.05458584711
135.0   6.0   2.06564731452
140.0   6.0   2.07687080255
145.0   6.0   2.08793878556
150.0   6.0   2.09846831156
155.0   6.0   2.10800839141
160.0   6.0   2.11603218156
165.0   6.0   2.12192422291
170.0   6.0   2.12495982544
175.0   6.0   2.12427021662
180.0   6.0   2.11878316194
185.0   6.0   2.10711528313
190.0   6.0   2.08737813154
195.0   6.0   2.05677597628
200.0   6.0   2.01059059916
-200.0   -3.0   2.01058327528
-195.0   -3.0   2.03243962377
-190.0   -3.0   2.05056206753
-185.0   -3.0   2.06540327243
-180.0   -3.0   2.07738183156
-175.0   -3.0   2.08689355664
-170.0   -3.0   2.09429301391
-165.0   -3.0   2.09988974257
-160.0   -3.0   2.10394830669
-155.0   -3.0   2.1066923623
-150.0   -3.0   2.10831056899
-145.0   -3.0   2.10896017365
-140.0   -3.0   2.10877405712
-135.0   -3.0   2.10786284757
-130.0   -3.0   2.10632057449
-125.0   -3.0   2.10422700303
-120.0   -3.0   2.10164945667
-115.0   -3.0   2.09864643885
-110.0   -3.0   2.09526821281
-105.0   -3.0   2.09155846537
-100.0   -3.0   2.08755569634
-95.0   -3.0   2.08329479675
-90.0   -3.0   2.07880683867
-85.0   -3.0   2.07412130591
-80.0   -3.0   2.06926584425
-75.0   -3.0   2.06426700743
-70.0   -3.0   2.05915169186
-65.0   -3.0   2.0539464105
-60.0   -3.0   2.04867792097
-55.0   -3.0   2.04337438307
-50.0   -3.0   2.0380640999
-45.0   -3.0   2.03277707624
-40.0   -3.0   2.02754305205
-35.0   -3.0   2.0223927683
-30.0   -3.0   2.01735753602
-25.0   -3.0   2.01246770642
-20.0   -3.0   2.0077533069
-15.0   -3.0   2.00324329608
-10.0   -3.0   1.99896472925
-5.0   -3.0   1.99494219233
0.0   -3.0   1.99119792541
5.0   -3.0   1.98775064926
10.0   -3.0   1.98461594538
15.0   -3.0   1.98180639784
20.0   -3.0   1.97933126425
25.0   -3.0   1.97719763516
30.0   -3.0   1.97541096187
35.0   -3.0   1.97397620878
40.0   -3.0   1.97289959498
45.0   -3.0   1.97218965192
50.0   -3.0   1.97185941553
55.0   -3.0   1.97192791427
60.0   -3.0   1.97242276349
65.0   -3.0   1.97337956056
70.0   -3.0   1.97484463165
75.0   -3.0   1.97687382474
80.0   -3.0   1.97953205876
85.0   -3.0   1.98289031266
90.0   -3.0   1.987022854
95.0   -3.0   1.99200052066
100.0   -3.0   1.99788631291
105.0   -3.0   2.00472500263
110.0   -3.0   2.01253701083
115.0   -3.0   2.02130880047
120.0   -3.0   2.03098512993
125.0   -3.0   2.04146333518
130.0   -3.0   2.05258662062
135.0   -3.0   2.06414161778
140.0   -3.0   2.07585566058
145.0   -3.0   2.08739489408
150.0   -3.0   2.09836144997
155.0   -3.0   2.10829131845
160.0   -3.0   2.11664567337
165.0   -3.0   2.1227994924
170.0   -3.0   2.12602102982
175.0   -3.0   2.12543475629
180.0   -3.0   2.11996169739
185.0   -3.0   2.10820978525
190.0   -3.0   2.08827399164
195.0   -3.0   2.05732769396
200.0   -3.0   2.01058327528
-200.0   -9.0   2.01060209333
-195.0   -9.0   2.02980744238
-190.0   -9.0   2.04590237135
-185.0   -9.0   2.0591764319
-180.0   -9.0   2.06993885836
-175.0   -9.0   2.07850553751
-170.0   -9.0   2.08517291381
-165.0   -9.0   2.09020741639
-160.0   -9.0   2.09384129105
-155.0   -9.0   2.09627499262
-150.0   -9.0   2.09767927636
-145.0   -9.0   2.09819847558
-140.0   -9.0   2.09795475884
-135.0   -9.0   2.09705210481
-130.0   -9.0   2.09557837927
-125.0   -9.0   2.09360861571
-120.0   -9.0   2.09120736809
-115.0   -9.0   2.08842959384
-110.0   -9.0   2.08532380745
-105.0   -9.0   2.08193170672
-100.0   -9.0   2.07829078287
-95.0   -9.0   2.07443438596
-90.0   -9.0   2.07039243139
-85.0   -9.0   2.06619349195
-80.0   -9.0   2.06186365776
-75.0   -9.0   2.05742882761
-70.0   -9.0   2.05291379545
-65.0   -9.0   2.0483430622
-60.0   -9.0   2.04374202726
-55.0   -9.0   2.03913598648
-50.0   -9.0   2.03454988352
-45.0   -9.0   2.03001043036
-40.0   -9.0   2.02554362966
-35.0   -9.0   2.02117566615
-30.0   -9.0   2.01693280519
-25.0   -9.0   2.01284076651
-20.0   -9.0   2.00892394957
-15.0   -9.0   2.00520612311
-10.0   -9.0   2.00170848493
-5.0   -9.0   1.99845101359
0.0   -9.0   1.99545087425
5.0   -9.0   1.99272292591
10.0   -9.0   1.99027888426
15.0   -9.0   1.98812862277
20.0   -9.0   1.98627927863
25.0   -9.0   1.98473658835
30.0   -9.0   1.98350497439
35.0   -9.0   1.98258880332
40.0   -9.0   1.98199366638
45.0   -9.0   1.98172664837
50.0   -9.0   1.98179929671
55.0   -9.0   1.98222736708
60.0   -9.0   1.9830328602
65.0   -9.0   1.98424509677
70.0   -9.0   1.98590116297
75.0   -9.0   1.98804534754
80.0   -9.0   1.9907299877
85.0   -9.0   1.99401153417
90.0   -9.0   1.99795016421
95.0   -9.0   2.00260443897
100.0   -9.0   2.00802662668
105.0   -9.0   2.01425645448
110.0   -9.0   2.02131505254
115.0   -9.0   2.02919690156
120.0   -9.0   2.03786309101
125.0   -9.0   2.04723382754
130.0   -9.0   2.05718304593
135.0   -9.0   2.06753231012
140.0   -9.0   2.0780471265
145.0   -9.0   2.08843239978
150.0   -9.0   2.09832792912
155.0   -9.0   2.10730289872
160.0   -9.0   2.11484790696
165.0   -9.0   2.12036218077
170.0   -9.0   2.1231348361
175.0   -9.0   2.12230769645
180.0   -9.0   2.11682064219
185.0   -9.0   2.10530715319
190.0   -9.0   2.08590459394
195.0   -9.0   2.05587057895
200.0   -9.0   2.01060209333
-200.0   9.0   2.01060209333
-195.0   9.0   2.02980744238
-190.0   9.0   2.04590237135
-185.0   9.0   2.0591764319
-180.0   9.0   2.06993885836
-175.0   9.0   2.07850553751
-170.0   9.0   2.08517291381
-165.0   9.0   2.09020741639
-160.0   9.0   2.09384129105
-155.0   9.0   2.09627499262
-150.0   9.0   2.09767927636
-145.0   9.0   2.09819847558
-140.0   9.0   2.09795475884
-135.0   9.0   2.09705210481
-130.0   9.0   2.09557837927
-125.0   9.0   2.09360861571
-120.0   9.0   2.09120736809
-115.0   9.0   2.08842959384
-110.0   9.0   2.08532380745
-105.0   9.0   2.08193170672
-100.0   9.0   2.07829078287
-95.0   9.0   2.07443438596
-90.0   9.0   2.07039243139
-85.0   9.0   2.06619349195
-80.0   9.0   2.06186365776
-75.0   9.0   2.05742882761
-70.0   9.0   2.05291379545
-65.0   9.0   2.0483430622
-60.0   9.0   2.04374202726
-55.0   9.0   2.03913598648
-50.0   9.0   2.03454988352
-45.0   9.0   2.03001043036
-40.0   9.0   2.02554362966
-35.0   9.0   2.02117566615
-30.0   9.0   2.01693280519
-25.0   9.0   2.01284076651
-20.0   9.0   2.00892394957
-15.0   9.0   2.00520612311
-10.0   9.0   2.00170848493
-5.0   9.0   1.99845101359
0.0   9.0   1.99545087425
5.0   9.0   1.99272292591
10.0   9.0   1.99027888426
15.0   9.0   1.98812862277
20.0   9.0   1.98627927863
25.0   9.0   1.98473658835
30.0   9.0   1.98350497439
35.0   9.0   1.98258880332
40.0   9.0   1.98199366638
45.0   9.0   1.98172664837
50.0   9.0   1.98179929671
55.0   9.0   1.98222736708
60.0   9.0   1.9830328602
65.0   9.0   1.98424509677
70.0   9.0   1.98590116297
75.0   9.0   1.98804534754
80.0   9.0   1.9907299877
85.0   9.0   1.99401153417
90.0   9.0   1.99795016421
95.0   9.0   2.00260443897
100.0   9.0   2.00802662668
105.0   9.0   2.01425645448
110.0   9.0   2.02131505254
115.0   9.0   2.02919690156
120.0   9.0   2.03786309101
125.0   9.0   2.04723382754
130.0   9.0   2.05718304593
135.0   9.0   2.06753231012
140.0   9.0   2.0780471265
145.0   9.0   2.08843239978
150.0   9.0   2.09832792912
155.0   9.0   2.10730289872
160.0   9.0   2.11484790696
165.0   9.0   2.12036218077
170.0   9.0   2.1231348361
175.0   9.0   2.12230769645
180.0   9.0   2.11682064219
185.0   9.0   2.10530715319
190.0   9.0   2.08590459394
195.0   9.0   2.05587057895
200.0   9.0   2.01060209333
-200.0   -12.0   2.01061626567
-195.0   -12.0   2.02797382531
-190.0   -12.0   2.04263356149
-185.0   -12.0   2.05478493069
-180.0   -12.0   2.06466888533
-175.0   -12.0   2.07254948319
-170.0   -12.0   2.07868421571
-165.0   -12.0   2.08331008294
-160.0   -12.0   2.08663788946
-155.0   -12.0   2.08885152837
-150.0   -12.0   2.0901083843
-145.0   -12.0   2.09054366902
-140.0   -12.0   2.09027196707
-135.0   -12.0   2.08939125257
-130.0   -12.0   2.08798486408
-125.0   -12.0   2.08612419404
-120.0   -12.0   2.08387071112
-115.0   -12.0   2.08127700835
-110.0   -12.0   2.07838938479
-105.0   -12.0   2.07524815161
-100.0   -12.0   2.07188892652
-95.0   -12.0   2.06834375291
-90.0   -12.0   2.06464134259
-85.0   -12.0   2.0608089149
-80.0   -12.0   2.05687135604
-75.0   -12.0   2.05285310534
-70.0   -12.0   2.04877711412
-65.0   -12.0   2.04466705117
-60.0   -12.0   2.04054569619
-55.0   -12.0   2.03643603857
-50.0   -12.0   2.03236149209
-45.0   -12.0   2.02834549102
-40.0   -12.0   2.02441098561
-35.0   -12.0   2.02058172231
-30.0   -12.0   2.01688037389
-25.0   -12.0   2.0133283827
-20.0   -12.0   2.00994769599
-15.0   -12.0   2.00675792695
-10.0   -12.0   2.00377734809
-5.0   -12.0   2.00102227166
0.0   -12.0   1.99850725154
5.0   -12.0   1.99624432366
10.0   -12.0   1.99424354078
15.0   -12.0   1.99251258707
20.0   -12.0   1.99105771407
25.0   -12.0   1.9898837529
30.0   -12.0   1.98899424596
35.0   -12.0   1.98839351892
40.0   -12.0   1.98808627295
45.0   -12.0   1.98807923806
50.0   -12.0   1.98838217107
55.0   -12.0   1.98900935505
60.0   -12.0   1.98997954732
65.0   -12.0   1.99131774647
70.0   -12.0   1.99305557767
75.0   -12.0   1.99523127966
80.0   -12.0   1.99788865208
85.0   -12.0   2.00107679136
90.0   -12.0   2.00484709357
95.0   -12.0   2.00925027511
100.0   -12.0   2.01433310487
105.0   -12.0   2.02013177529
110.0   -12.0   2.0266674461
115.0   -12.0   2.03393919831
120.0   -12.0   2.04191724865
125.0   -12.0   2.05053571848
130.0   -12.0   2.05968750162
135.0   -12.0   2.06921664
140.0   -12.0   2.07891366719
145.0   -12.0   2.08850931518
150.0   -12.0   2.0976693988
155.0   -12.0   2.10598788432
160.0   -12.0   2.11297769143
165.0   -12.0   2.1180588356
170.0   -12.0   2.12053665924
175.0   -12.0   2.11957039466
180.0   -12.0   2.11411724909
185.0   -12.0   2.10283507446
190.0   -12.0   2.08390066963
195.0   -12.0   2.05464277246
200.0   -12.0   2.01061626567
-200.0   12.0   2.01061626567
-195.0   12.0   2.02797382531
-190.0   12.0   2.04263356149
-185.0   12.0   2.05478493069
-180.0   12.0   2.06466888533
-175.0   12.0   2.07254948319
-170.0   12.0   2.07868421571
-165.0   12.0   2.08331008294
-160.0   12.0   2.08663788946
-155.0   12.0   2.08885152837
-150.0   12.0   2.0901083843
-145.0   12.0   2.09054366902
-140.0   12.0   2.09027196707
-135.0   12.0   2.08939125257
-130.0   12.0   2.08798486408
-125.0   12.0   2.08612419404
-120.0   12.0   2.08387071112
-115.0   12.0   2.08127700835
-110.0   12.0   2.07838938479
-105.0   12.0   2.07524815161
-100.0   12.0   2.07188892652
-95.0   12.0   2.06834375291
-90.0   12.0   2.06464134259
-85.0   12.0   2.0608089149
-80.0   12.0   2.05687135604
-75.0   12.0   2.05285310534
-70.0   12.0   2.04877711412
-65.0   12.0   2.04466705117
-60.0   12.0   2.04054569619
-55.0   12.0   2.03643603857
-50.0   12.0   2.03236149209
-45.0   12.0   2.02834549102
-40.0   12.0   2.02441098561
-35.0   12.0   2.02058172231
-30.0   12.0   2.01688037389
-25.0   12.0   2.0133283827
-20.0   12.0   2.00994769599
-15.0   12.0   2.00675792695
-10.0   12.0   2.00377734809
-5.0   12.0   2.00102227166
0.0   12.0   1.99850725154
5.0   12.0   1.99624432366
10.0   12.0   1.99424354078
15.0   12.0   1.99251258707
20.0   12.0   1.99105771407
25.0   12.0   1.9898837529
30.0   12.0   1.98899424596
35.0   12.0   1.98839351892
40.0   12.0   1.98808627295
45.0   12.0   1.98807923806
50.0   12.0   1.98838217107
55.0   12.0   1.98900935505
60.0   12.0   1.98997954732
65.0   12.0   1.99131774647
70.0   12.0   1.99305557767
75.0   12.0   1.99523127966
80.0   12.0   1.99788865208
85.0   12.0   2.00107679136
90.0   12.0   2.00484709357
95.0   12.0   2.00925027511
100.0   12.0   2.01433310487
105.0   12.0   2.02013177529
110.0   12.0   2.0266674461
115.0   12.0   2.03393919831
120.0   12.0   2.04191724865
125.0   12.0   2.05053571848
130.0   12.0   2.05968750162
135.0   12.0   2.06921664
140.0   12.0   2.07891366719
145.0   12.0   2.08850931518
150.0   12.0   2.0976693988
155.0   12.0   2.10598788432
160.0   12.0   2.11297769143
165.0   12.0   2.1180588356
170.0   12.0   2.12053665924
175.0   12.0   2.11957039466
180.0   12.0   2.11411724909
185.0   12.0   2.10283507446
190.0   12.0   2.08390066963
195.0   12.0   2.05464277246
200.0   12.0   2.01061626567
-200.0   -6.0   2.01059059916
-195.0   -6.0   2.0313728466
-190.0   -6.0   2.04867823156
-185.0   -6.0   2.06289023517
-180.0   -6.0   2.07438228017
-175.0   -6.0   2.08351643677
-170.0   -6.0   2.09062387747
-165.0   -6.0   2.09599601899
-160.0   -6.0   2.09988422157
-155.0   -6.0   2.10250335188
-150.0   -6.0   2.104034171
-145.0   -6.0   2.10462966761
-140.0   -6.0   2.10441770059
-135.0   -6.0   2.10350676721
-130.0   -6.0   2.1019882603
-125.0   -6.0   2.0999401184
-120.0   -6.0   2.09742893839
-115.0   -6.0   2.09451160035
-110.0   -6.0   2.09123764142
-105.0   -6.0   2.08765054204
-100.0   -6.0   2.08378815698
-95.0   -6.0   2.0796849092
-90.0   -6.0   2.07537154399
-85.0   -6.0   2.07087711009
-80.0   -6.0   2.06622881148
-75.0   -6.0   2.06145317275
-70.0   -6.0   2.05657618704
-65.0   -6.0   2.051623544
-60.0   -6.0   2.04662188335
-55.0   -6.0   2.04159781321
-50.0   -6.0   2.03657894862
-45.0   -6.0   2.03159355141
-40.0   -6.0   2.02666979864
-35.0   -6.0   2.02183736173
-30.0   -6.0   2.01712443136
-25.0   -6.0   2.01256043612
-20.0   -6.0   2.0081725815
-15.0   -6.0   2.00398784518
-10.0   -6.0   2.00003067748
-5.0   -6.0   1.99632393932
0.0   -6.0   1.99288778266
5.0   -6.0   1.9897389544
10.0   -6.0   1.98689177995
15.0   -6.0   1.9843573787
20.0   -6.0   1.98214447294
25.0   -6.0   1.98025912527
30.0   -6.0   1.97870672186
35.0   -6.0   1.97749178561
40.0   -6.0   1.9766203956
45.0   -6.0   1.97610039205
50.0   -6.0   1.97594438701
55.0   -6.0   1.97616995025
60.0   -6.0   1.97680207026
65.0   -6.0   1.97787392745
70.0   -6.0   1.97942781166
75.0   -6.0   1.98151472117
80.0   -6.0   1.98419386323
85.0   -6.0   1.98753012891
90.0   -6.0   1.99159175719
95.0   -6.0   1.99644431626
100.0   -6.0   2.00214597571
105.0   -6.0   2.00873966859
110.0   -6.0   2.01624608548
115.0   -6.0   2.02465498491
120.0   -6.0   2.03391837641
125.0   -6.0   2.04394331711
130.0   -6.0   2.05458584711
135.0   -6.0   2.06564731452
140.0   -6.0   2.07687080255
145.0   -6.0   2.08793878556
150.0   -6.0   2.09846831156
155.0   -6.0   2.10800839141
160.0   -6.0   2.11603218156
165.0   -6.0   2.12192422291
170.0   -6.0   2.12495982544
175.0   -6.0   2.12427021662
180.0   -6.0   2.11878316194
185.0   -6.0   2.10711528313
190.0   -6.0   2.08737813154
195.0   -6.0   2.05677597628
200.0   -6.0   2.01059059916
-200.0   -15.0   2.01063196319
-195.0   -15.0   2.02607949828
-190.0   -15.0   2.03923512917
-185.0   -15.0   2.05019826601
-180.0   -15.0   2.05914544599
-175.0   -15.0   2.06629112076
-170.0   -15.0   2.07185447658
-165.0   -15.0   2.0760430437
-160.0   -15.0   2.07904540644
-155.0   -15.0   2.08102764164
-150.0   -15.0   2.08213437412
-145.0   -15.0   2.08248934622
-140.0   -15.0   2.08219944579
-135.0   -15.0   2.08135583516
-130.0   -15.0   2.08003648468
-125.0   -15.0   2.07830845106
-120.0   -15.0   2.0762292383
-115.0   -15.0   2.07384900752
-110.0   -15.0   2.07121067302
-105.0   -15.0   2.06835274724
-100.0   -15.0   2.06530864234
-95.0   -15.0   2.06210797993
-90.0   -15.0   2.05877854062
-85.0   -15.0   2.05534511575
-80.0   -15.0   2.0518309586
-75.0   -15.0   2.04825878639
-70.0   -15.0   2.04464990357
-65.0   -15.0   2.04102538522
-60.0   -15.0   2.03740593819
-55.0   -15.0   2.03381274126
-50.0   -15.0   2.03026569273
-45.0   -15.0   2.02678574378
-40.0   -15.0   2.02339312356
-35.0   -15.0   2.02010792557
-30.0   -15.0   2.01694941213
-25.0   -15.0   2.01393636017
-20.0   -15.0   2.01108643675
-15.0   -15.0   2.00841646893
-10.0   -15.0   2.00594149151
-5.0   -15.0   2.00367462787
0.0   -15.0   2.00162829276
5.0   -15.0   1.99981168383
10.0   -15.0   1.99823314043
15.0   -15.0   1.9968991771
20.0   -15.0   1.99581470098
25.0   -15.0   1.99498349226
30.0   -15.0   1.99440915879
35.0   -15.0   1.99409536385
40.0   -15.0   1.99404612468
45.0   -15.0   1.99426758659
50.0   -15.0   1.99476830291
55.0   -15.0   1.99556061237
60.0   -15.0   1.9966602525
65.0   -15.0   1.99808879639
70.0   -15.0   1.99987257668
75.0   -15.0   2.00204380254
80.0   -15.0   2.00463959073
85.0   -15.0   2.00770146216
90.0   -15.0   2.01127304248
95.0   -15.0   2.01539865572
100.0   -15.0   2.02011844084
105.0   -15.0   2.02546582006
110.0   -15.0   2.03146191756
115.0   -15.0   2.0381089115
120.0   -15.0   2.04538529362
125.0   -15.0   2.05323875695
130.0   -15.0   2.06157882834
135.0   -15.0   2.07027142835
140.0   -15.0   2.07913202322
145.0   -15.0   2.08791744706
150.0   -15.0   2.09632111363
155.0   -15.0   2.10396397683
160.0   -15.0   2.110384136
165.0   -15.0   2.11502469444
170.0   -15.0   2.11721350081
175.0   -15.0   2.11613103351
180.0   -15.0   2.11075892425
185.0   -15.0   2.09978610179
190.0   -15.0   2.08143957298
195.0   -15.0   2.05313913286
200.0   -15.0   2.01063196319
-200.0   15.0   2.01063196319
-195.0   15.0   2.02607949828
-190.0   15.0   2.03923512917
-185.0   15.0   2.05019826601
-180.0   15.0   2.05914544599
-175.0   15.0   2.06629112076
-170.0   15.0   2.07185447658
-165.0   15.0   2.0760430437
-160.0   15.0   2.07904540644
-155.0   15.0   2.08102764164
-150.0   15.0   2.08213437412
-145.0   15.0   2.08248934622
-140.0   15.0   2.08219944579
-135.0   15.0   2.08135583516
-130.0   15.0   2.08003648468
-125.0   15.0   2.07830845106
-120.0   15.0   2.0762292383
-115.0   15.0   2.07384900752
-110.0   15.0   2.07121067302
-105.0   15.0   2.06835274724
-100.0   15.0   2.06530864234
-95.0   15.0   2.06210797993
-90.0   15.0   2.05877854062
-85.0   15.0   2.05534511575
-80.0   15.0   2.0518309586
-75.0   15.0   2.04825878639
-70.0   15.0   2.04464990357
-65.0   15.0   2.04102538522
-60.0   15.0   2.03740593819
-55.0   15.0   2.03381274126
-50.0   15.0   2.03026569273
-45.0   15.0   2.02678574378
-40.0   15.0   2.02339312356
-35.0   15.0   2.02010792557
-30.0   15.0   2.01694941213
-25.0   15.0   2.01393636017
-20.0   15.0   2.01108643675
-15.0   15.0   2.00841646893
-10.0   15.0   2.00594149151
-5.0   15.0   2.00367462787
0.0   15.0   2.00162829276
5.0   15.0   1.99981168383
10.0   15.0   1.99823314043
15.0   15.0   1.9968991771
20.0   15.0   1.99581470098
25.0   15.0   1.99498349226
30.0   15.0   1.99440915879
35.0   15.0   1.99409536385
40.0   15.0   1.99404612468
45.0   15.0   1.99426758659
50.0   15.0   1.99476830291
55.0   15.0   1.99556061237
60.0   15.0   1.9966602525
65.0   15.0   1.99808879639
70.0   15.0   1.99987257668
75.0   15.0   2.00204380254
80.0   15.0   2.00463959073
85.0   15.0   2.00770146216
90.0   15.0   2.01127304248
95.0   15.0   2.01539865572
100.0   15.0   2.02011844084
105.0   15.0   2.02546582006
110.0   15.0   2.03146191756
115.0   15.0   2.0381089115
120.0   15.0   2.04538529362
125.0   15.0   2.05323875695
130.0   15.0   2.06157882834
135.0   15.0   2.07027142835
140.0   15.0   2.07913202322
145.0   15.0   2.08791744706
150.0   15.0   2.09632111363
155.0   15.0   2.10396397683
160.0   15.0   2.110384136
165.0   15.0   2.11502469444
170.0   15.0   2.11721350081
175.0   15.0   2.11613103351
180.0   15.0   2.11075892425
185.0   15.0   2.09978610179
190.0   15.0   2.08143957298
195.0   15.0   2.05313913286
200.0   15.0   2.01063196319
-200.0   21.0   2.01066366165
-195.0   21.0   2.02261692871
-190.0   21.0   2.03296583211
-185.0   21.0   2.04167777301
-180.0   21.0   2.04883098694
-175.0   21.0   2.05455891373
-170.0   21.0   2.0590168096
-165.0   21.0   2.06236110342
-160.0   21.0   2.06473932091
-155.0   21.0   2.06628533464
-150.0   21.0   2.06711804161
-145.0   21.0   2.06734011701
-140.0   21.0   2.06704185745
-135.0   21.0   2.06629979981
-130.0   21.0   2.0651808919
-125.0   21.0   2.06374183152
-120.0   21.0   2.06203208639
-115.0   21.0   2.06009397042
-110.0   21.0   2.05796412084
-105.0   21.0   2.05567532393
-100.0   21.0   2.05325550729
-95.0   21.0   2.0507304225
-90.0   21.0   2.04812221928
-85.0   21.0   2.04545229321
-80.0   21.0   2.04273943456
-75.0   21.0   2.04000226711
-70.0   21.0   2.03725768794
-65.0   21.0   2.03452280154
-60.0   21.0   2.03181385352
-55.0   21.0   2.02914667748
-50.0   21.0   2.02653731737
-45.0   21.0   2.02400056332
-40.0   21.0   2.02155187043
-35.0   21.0   2.01920558385
-30.0   21.0   2.01697584158
-25.0   21.0   2.01487599391
-20.0   21.0   2.01291824048
-15.0   21.0   2.01111407206
-10.0   21.0   2.00947367229
-5.0   21.0   2.00800643467
0.0   21.0   2.00671998961
5.0   21.0   2.00562093493
10.0   21.0   2.0047149328
15.0   21.0   2.00400629712
20.0   21.0   2.00349823826
25.0   21.0   2.00319384169
30.0   21.0   2.00309574392
35.0   21.0   2.00320649896
40.0   21.0   2.00352994474
45.0   21.0   2.00407056296
50.0   21.0   2.00483455274
55.0   21.0   2.00583139757
60.0   21.0   2.00707200565
65.0   21.0   2.00857217164
70.0   21.0   2.01035057614
75.0   21.0   2.01242989321
80.0   21.0   2.01483634164
85.0   21.0   2.01760005775
90.0   21.0   2.02075253498
95.0   21.0   2.02432705968
100.0   21.0   2.02835398605
105.0   21.0   2.03286106019
110.0   21.0   2.03786688028
115.0   21.0   2.04337862762
120.0   21.0   2.04938655827
125.0   21.0   2.05585753413
130.0   21.0   2.06272905543
135.0   21.0   2.06990298152
140.0   21.0   2.07723661585
145.0   21.0   2.08453629956
150.0   21.0   2.09154670292
155.0   21.0   2.09794244741
160.0   21.0   2.10331605258
165.0   21.0   2.10716379626
170.0   21.0   2.10886648992
175.0   21.0   2.10766023525
180.0   21.0   2.10259013329
185.0   21.0   2.0924292118
190.0   21.0   2.07553221703
195.0   21.0   2.04954303249
200.0   21.0   2.01066366165
-200.0   -18.0   2.01064810088
-195.0   -18.0   2.02426759549
-190.0   -18.0   2.03596401191
-185.0   -18.0   2.04576249708
-180.0   -18.0   2.05378463908
-175.0   -18.0   2.06020093479
-170.0   -18.0   2.06519632081
-165.0   -18.0   2.06895091177
-160.0   -18.0   2.07163178161
-155.0   -18.0   2.07338849848
-150.0   -18.0   2.07435174561
-145.0   -18.0   2.07463537376
-140.0   -18.0   2.07433760472
-135.0   -18.0   2.07354230996
-130.0   -18.0   2.0723217617
-125.0   -18.0   2.07073823439
-120.0   -18.0   2.06884510272
-115.0   -18.0   2.06668877682
-110.0   -18.0   2.06430946507
-105.0   -18.0   2.06174245478
-100.0   -18.0   2.05901878098
-95.0   -18.0   2.05616598351
-90.0   -18.0   2.05320949609
-85.0   -18.0   2.05017186392
-80.0   -18.0   2.04707489788
-75.0   -18.0   2.04393848147
-70.0   -18.0   2.04078263378
-65.0   -18.0   2.03762582922
-60.0   -18.0   2.03448641148
-55.0   -18.0   2.03138293103
-50.0   -18.0   2.02833322012
-45.0   -18.0   2.02535519176
-40.0   -18.0   2.02246628059
-35.0   -18.0   2.01968335387
-30.0   -18.0   2.01702298292
-25.0   -18.0   2.01450115048
-20.0   -18.0   2.01213253967
-15.0   -18.0   2.00993071727
-10.0   -18.0   2.00790818989
-5.0   -18.0   2.00607612327
0.0   -18.0   2.00444378457
5.0   -18.0   2.00301949935
10.0   -18.0   2.00180949145
15.0   -18.0   2.00081934831
20.0   -18.0   2.00005322387
25.0   -18.0   1.99951397845
30.0   -18.0   1.99920506992
35.0   -18.0   1.99912960133
40.0   -18.0   1.99929131363
45.0   -18.0   1.99969536589
50.0   -18.0   2.00034951849
55.0   -18.0   2.00126386702
60.0   -18.0   2.002452282
65.0   -18.0   2.0039327601
70.0   -18.0   2.00572751625
75.0   -18.0   2.00786359717
80.0   -18.0   2.01037232171
85.0   -18.0   2.01328842039
90.0   -18.0   2.01664952068
95.0   -18.0   2.02049344056
100.0   -18.0   2.02485557171
105.0   -18.0   2.02976601586
110.0   -18.0   2.03524518987
115.0   -18.0   2.04129820399
120.0   -18.0   2.04790966504
125.0   -18.0   2.05503813335
130.0   -18.0   2.06260878557
135.0   -18.0   2.07050690262
140.0   -18.0   2.07856979243
145.0   -18.0   2.08658025393
150.0   -18.0   2.09425828268
155.0   -18.0   2.10125213611
160.0   -18.0   2.10712633276
165.0   -18.0   2.11135065439
170.0   -18.0   2.11327758329
175.0   -18.0   2.11211418599
180.0   -18.0   2.10687133225
185.0   -18.0   2.09627677409
190.0   -18.0   2.07861736858
195.0   -18.0   2.0514193019
200.0   -18.0   2.01064810088
-200.0   -21.0   2.01066366165
-195.0   -21.0   2.02261692871
-190.0   -21.0   2.03296583211
-185.0   -21.0   2.04167777301
-180.0   -21.0   2.04883098694
-175.0   -21.0   2.05455891373
-170.0   -21.0   2.0590168096
-165.0   -21.0   2.06236110342
-160.0   -21.0   2.06473932091
-155.0   -21.0   2.06628533464
-150.0   -21.0   2.06711804161
-145.0   -21.0   2.06734011701
-140.0   -21.0   2.06704185745
-135.0   -21.0   2.06629979981
-130.0   -21.0   2.0651808919
-125.0   -21.0   2.06374183152
-120.0   -21.0   2.06203208639
-115.0   -21.0   2.06009397042
-110.0   -21.0   2.05796412084
-105.0   -21.0   2.05567532393
-100.0   -21.0   2.05325550729
-95.0   -21.0   2.0507304225
-90.0   -21.0   2.04812221928
-85.0   -21.0   2.04545229321
-80.0   -21.0   2.04273943456
-75.0   -21.0   2.04000226711
-70.0   -21.0   2.03725768794
-65.0   -21.0   2.03452280154
-60.0   -21.0   2.03181385352
-55.0   -21.0   2.02914667748
-50.0   -21.0   2.02653731737
-45.0   -21.0   2.02400056332
-40.0   -21.0   2.02155187043
-35.0   -21.0   2.01920558385
-30.0   -21.0   2.01697584158
-25.0   -21.0   2.01487599391
-20.0   -21.0   2.01291824048
-15.0   -21.0   2.01111407206
-10.0   -21.0   2.00947367229
-5.0   -21.0   2.00800643467
0.0   -21.0   2.00671998961
5.0   -21.0   2.00562093493
10.0   -21.0   2.0047149328
15.0   -21.0   2.00400629712
20.0   -21.0   2.00349823826
25.0   -21.0   2.00319384169
30.0   -21.0   2.00309574392
35.0   -21.0   2.00320649896
40.0   -21.0   2.00352994474
45.0   -21.0   2.00407056296
50.0   -21.0   2.00483455274
55.0   -21.0   2.00583139757
60.0   -21.0   2.00707200565
65.0   -21.0   2.00857217164
70.0   -21.0   2.01035057614
75.0   -21.0   2.01242989321
80.0   -21.0   2.01483634164
85.0   -21.0   2.01760005775
90.0   -21.0   2.02075253498
95.0   -21.0   2.02432705968
100.0   -21.0   2.02835398605
105.0   -21.0   2.03286106019
110.0   -21.0   2.03786688028
115.0   -21.0   2.04337862762
120.0   -21.0   2.04938655827
125.0   -21.0   2.05585753413
130.0   -21.0   2.06272905543
135.0   -21.0   2.06990298152
140.0   -21.0   2.07723661585
145.0   -21.0   2.08453629956
150.0   -21.0   2.09154670292
155.0   -21.0   2.09794244741
160.0   -21.0   2.10331605258
165.0   -21.0   2.10716379626
170.0   -21.0   2.10886648992
175.0   -21.0   2.10766023525
180.0   -21.0   2.10259013329
185.0   -21.0   2.0924292118
190.0   -21.0   2.07553221703
195.0   -21.0   2.04954303249
200.0   -21.0   2.01066366165
-200.0   18.0   2.01064810088
-195.0   18.0   2.02426759549
-190.0   18.0   2.03596401191
-185.0   18.0   2.04576249708
-180.0   18.0   2.05378463908
-175.0   18.0   2.06020093479
-170.0   18.0   2.06519632081
-165.0   18.0   2.06895091177
-160.0   18.0   2.07163178161
-155.0   18.0   2.07338849848
-150.0   18.0   2.07435174561
-145.0   18.0   2.07463537376
-140.0   18.0   2.07433760472
-135.0   18.0   2.07354230996
-130.0   18.0   2.0723217617
-125.0   18.0   2.07073823439
-120.0   18.0   2.06884510272
-115.0   18.0   2.06668877682
-110.0   18.0   2.06430946507
-105.0   18.0   2.06174245478
-100.0   18.0   2.05901878098
-95.0   18.0   2.05616598351
-90.0   18.0   2.05320949609
-85.0   18.0   2.05017186392
-80.0   18.0   2.04707489788
-75.0   18.0   2.04393848147
-70.0   18.0   2.04078263378
-65.0   18.0   2.03762582922
-60.0   18.0   2.03448641148
-55.0   18.0   2.03138293103
-50.0   18.0   2.02833322012
-45.0   18.0   2.02535519176
-40.0   18.0   2.02246628059
-35.0   18.0   2.01968335387
-30.0   18.0   2.01702298292
-25.0   18.0   2.01450115048
-20.0   18.0   2.01213253967
-15.0   18.0   2.00993071727
-10.0   18.0   2.00790818989
-5.0   18.0   2.00607612327
0.0   18.0   2.00444378457
5.0   18.0   2.00301949935
10.0   18.0   2.00180949145
15.0   18.0   2.00081934831
20.0   18.0   2.00005322387
25.0   18.0   1.99951397845
30.0   18.0   1.99920506992
35.0   18.0   1.99912960133
40.0   18.0   1.99929131363
45.0   18.0   1.99969536589
50.0   18.0   2.00034951849
55.0   18.0   2.00126386702
60.0   18.0   2.002452282
65.0   18.0   2.0039327601
70.0   18.0   2.00572751625
75.0   18.0   2.00786359717
80.0   18.0   2.01037232171
85.0   18.0   2.01328842039
90.0   18.0   2.01664952068
95.0   18.0   2.02049344056
100.0   18.0   2.02485557171
105.0   18.0   2.02976601586
110.0   18.0   2.03524518987
115.0   18.0   2.04129820399
120.0   18.0   2.04790966504
125.0   18.0   2.05503813335
130.0   18.0   2.06260878557
135.0   18.0   2.07050690262
140.0   18.0   2.07856979243
145.0   18.0   2.08658025393
150.0   18.0   2.09425828268
155.0   18.0   2.10125213611
160.0   18.0   2.10712633276
165.0   18.0   2.11135065439
170.0   18.0   2.11327758329
175.0   18.0   2.11211418599
180.0   18.0   2.10687133225
185.0   18.0   2.09627677409
190.0   18.0   2.07861736858
195.0   18.0   2.0514193019
200.0   18.0   2.01064810088
-200.0   24.0   2.01067820487
-195.0   24.0   2.02115521596
-190.0   24.0   2.0302946616
-185.0   24.0   2.03802310342
-180.0   24.0   2.04438413907
-175.0   24.0   2.04948183847
-170.0   24.0   2.05344653842
-165.0   24.0   2.05641362276
-160.0   24.0   2.05851439287
-155.0   24.0   2.05986830902
-150.0   24.0   2.0605824462
-145.0   24.0   2.06075094943
-140.0   24.0   2.06045529281
-135.0   24.0   2.05976580422
-130.0   24.0   2.05874303481
-125.0   24.0   2.05743917711
-120.0   24.0   2.05589877519
-115.0   24.0   2.05416093858
-110.0   24.0   2.05225904509
-105.0   24.0   2.05022237625
-100.0   24.0   2.04807653185
-95.0   24.0   2.04584444498
-90.0   24.0   2.04354617557
-85.0   24.0   2.04120111115
-80.0   24.0   2.03882596797
-75.0   24.0   2.03643706089
-70.0   24.0   2.03405003889
-65.0   24.0   2.03167970249
-60.0   24.0   2.02934016746
-55.0   24.0   2.02704548702
-50.0   24.0   2.02480979803
-45.0   24.0   2.02264591761
-40.0   24.0   2.02056737443
-35.0   24.0   2.01858606946
-30.0   24.0   2.01671458383
-25.0   24.0   2.01496401505
-20.0   24.0   2.01334458896
-15.0   24.0   2.0118662213
-10.0   24.0   2.01053746434
-5.0   24.0   2.00936630637
0.0   24.0   2.00835901177
5.0   24.0   2.00752116905
10.0   24.0   2.00685718464
15.0   24.0   2.00637135145
20.0   24.0   2.00606591341
25.0   24.0   2.00594385623
30.0   24.0   2.00600728776
35.0   24.0   2.00625883222
40.0   24.0   2.00670154998
45.0   24.0   2.00733933212
50.0   24.0   2.00817790043
55.0   24.0   2.00922496992
60.0   24.0   2.01049029198
65.0   24.0   2.01198672693
70.0   24.0   2.01373076597
75.0   24.0   2.01574066077
80.0   24.0   2.01803990218
85.0   24.0   2.0206533552
90.0   24.0   2.02360847631
95.0   24.0   2.02693349711
100.0   24.0   2.03065592971
105.0   24.0   2.03479970251
110.0   24.0   2.03938346761
115.0   24.0   2.04441481612
120.0   24.0   2.04988734383
125.0   24.0   2.0557748569
130.0   24.0   2.06202573121
135.0   24.0   2.06855481817
140.0   24.0   2.07523745829
145.0   24.0   2.08189942538
150.0   24.0   2.08830968671
155.0   24.0   2.09416738667
160.0   24.0   2.09909189403
165.0   24.0   2.10260741617
170.0   24.0   2.10412398222
175.0   24.0   2.10291011164
180.0   24.0   2.09804808148
185.0   24.0   2.08836125367
190.0   24.0   2.07227772687
195.0   24.0   2.04756723804
200.0   24.0   2.01067820487
-200.0   -24.0   2.01067820487
-195.0   -24.0   2.02115521596
-190.0   -24.0   2.0302946616
-185.0   -24.0   2.03802310342
-180.0   -24.0   2.04438413907
-175.0   -24.0   2.04948183847
-170.0   -24.0   2.05344653842
-165.0   -24.0   2.05641362276
-160.0   -24.0   2.05851439287
-155.0   -24.0   2.05986830902
-150.0   -24.0   2.0605824462
-145.0   -24.0   2.06075094943
-140.0   -24.0   2.06045529281
-135.0   -24.0   2.05976580422
-130.0   -24.0   2.05874303481
-125.0   -24.0   2.05743917711
-120.0   -24.0   2.05589877519
-115.0   -24.0   2.05416093858
-110.0   -24.0   2.05225904509
-105.0   -24.0   2.05022237625
-100.0   -24.0   2.04807653185
-95.0   -24.0   2.04584444498
-90.0   -24.0   2.04354617557
-85.0   -24.0   2.04120111115
-80.0   -24.0   2.03882596797
-75.0   -24.0   2.03643706089
-70.0   -24.0   2.03405003889
-65.0   -24.0   2.03167970249
-60.0   -24.0   2.02934016746
-55.0   -24.0   2.02704548702
-50.0   -24.0   2.02480979803
-45.0   -24.0   2.02264591761
-40.0   -24.0   2.02056737443
-35.0   -24.0   2.01858606946
-30.0   -24.0   2.01671458383
-25.0   -24.0   2.01496401505
-20.0   -24.0   2.01334458896
-15.0   -24.0   2.0118662213
-10.0   -24.0   2.01053746434
-5.0   -24.0   2.00936630637
0.0   -24.0   2.00835901177
5.0   -24.0   2.00752116905
10.0   -24.0   2.00685718464
15.0   -24.0   2.00637135145
20.0   -24.0   2.00606591341
25.0   -24.0   2.00594385623
30.0   -24.0   2.00600728776
35.0   -24.0   2.00625883222
40.0   -24.0   2.00670154998
45.0   -24.0   2.00733933212
50.0   -24.0   2.00817790043
55.0   -24.0   2.00922496992
60.0   -24.0   2.01049029198
65.0   -24.0   2.01198672693
70.0   -24.0   2.01373076597
75.0   -24.0   2.01574066077
80.0   -24.0   2.01803990218
85.0   -24.0   2.0206533552
90.0   -24.0   2.02360847631
95.0   -24.0   2.02693349711
100.0   -24.0   2.03065592971
105.0   -24.0   2.03479970251
110.0   -24.0   2.03938346761
115.0   -24.0   2.04441481612
120.0   -24.0   2.04988734383
125.0   -24.0   2.0557748569
130.0   -24.0   2.06202573121
135.0   -24.0   2.06855481817
140.0   -24.0   2.07523745829
145.0   -24.0   2.08189942538
150.0   -24.0   2.08830968671
155.0   -24.0   2.09416738667
160.0   -24.0   2.09909189403
165.0   -24.0   2.10260741617
170.0   -24.0   2.10412398222
175.0   -24.0   2.10291011164
180.0   -24.0   2.09804808148
185.0   -24.0   2.08836125367
190.0   -24.0   2.07227772687
195.0   -24.0   2.04756723804
200.0   -24.0   2.01067820487
-200.0   -27.0   2.01069122217
-195.0   -27.0   2.01987851657
-190.0   -27.0   2.02794981598
-185.0   -27.0   2.03480201141
-180.0   -27.0   2.04045337292
-175.0   -27.0   2.0449832668
-170.0   -27.0   2.04850221212
-165.0   -27.0   2.05112821672
-160.0   -27.0   2.0529774602
-155.0   -27.0   2.05415692079
-150.0   -27.0   2.05476431895
-145.0   -27.0   2.05488408615
-140.0   -27.0   2.0545903818
-135.0   -27.0   2.0539474231
-130.0   -27.0   2.05301008861
-125.0   -27.0   2.0518258708
-120.0   -27.0   2.05043550326
-115.0   -27.0   2.04887389411
-110.0   -27.0   2.04717159039
-105.0   -27.0   2.04535465374
-100.0   -27.0   2.04344600035
-95.0   -27.0   2.04146703001
-90.0   -27.0   2.03943528209
-85.0   -27.0   2.03736765303
-80.0   -27.0   2.03527965851
-75.0   -27.0   2.03318595438
-70.0   -27.0   2.0310998965
-65.0   -27.0   2.02903496818
-60.0   -27.0   2.02700405739
-55.0   -27.0   2.02501910348
-50.0   -27.0   2.02309228041
-45.0   -27.0   2.02123555517
-40.0   -27.0   2.01946056402
-35.0   -27.0   2.01777741634
-30.0   -27.0   2.01619695185
-25.0   -27.0   2.01472881575
-20.0   -27.0   2.01338215417
-15.0   -27.0   2.01216541258
-10.0   -27.0   2.01108582713
-5.0   -27.0   2.01015009919
0.0   -27.0   2.00936351818
5.0   -27.0   2.00873132592
10.0   -27.0   2.00825713102
15.0   -27.0   2.00794394265
20.0   -27.0   2.00779483966
25.0   -27.0   2.00781166322
30.0   -27.0   2.00799644064
35.0   -27.0   2.00835151383
40.0   -27.0   2.00887969931
45.0   -27.0   2.00958430825
50.0   -27.0   2.01047014637
55.0   -27.0   2.01154405528
60.0   -27.0   2.01281421914
65.0   -27.0   2.01429155397
70.0   -27.0   2.0159899807
75.0   -27.0   2.01792573216
80.0   -27.0   2.02011804279
85.0   -27.0   2.02258869647
90.0   -27.0   2.02536138586
95.0   -27.0   2.02846043653
100.0   -27.0   2.03191025907
105.0   -27.0   2.03573246199
110.0   -27.0   2.03994418217
115.0   -27.0   2.04455311827
120.0   -27.0   2.04955633035
125.0   -27.0   2.05493233892
130.0   -27.0   2.06063759387
135.0   -27.0   2.06659883748
140.0   -27.0   2.07270606065
145.0   -27.0   2.07880312948
150.0   -27.0   2.08467966703
155.0   -27.0   2.09005874683
160.0   -27.0   2.094585295
165.0   -27.0   2.09781129788
170.0   -27.0   2.09917717539
175.0   -27.0   2.09798467639
180.0   -27.0   2.09335743285
185.0   -27.0   2.08417083301
190.0   -27.0   2.06893158405
195.0   -27.0   2.04553918014
200.0   -27.0   2.01069122217
-200.0   30.0   2.01070281537
-195.0   30.0   2.01876811688
-190.0   30.0   2.02590055608
-185.0   30.0   2.03197730416
-180.0   30.0   2.0369960064
-175.0   30.0   2.04101871509
-170.0   30.0   2.04413757746
-165.0   30.0   2.04645639216
-160.0   30.0   2.04807852242
-155.0   30.0   2.04910025086
-150.0   30.0   2.04960936278
-145.0   30.0   2.04968284119
-140.0   30.0   2.04938773661
-135.0   30.0   2.04878288985
-130.0   30.0   2.04791784811
-125.0   30.0   2.04683541176
-120.0   30.0   2.04557265372
-115.0   30.0   2.04416117913
-110.0   30.0   2.04262798685
-105.0   30.0   2.0409974079
-100.0   30.0   2.03928978607
-95.0   30.0   2.0375233866
-90.0   30.0   2.03571489397
-85.0   30.0   2.03387933264
-80.0   30.0   2.03203059069
-75.0   30.0   2.03018159427
-70.0   30.0   2.02834457966
-65.0   30.0   2.02653127077
-60.0   30.0   2.02475322232
-55.0   30.0   2.02302127935
-50.0   30.0   2.02134660926
-45.0   30.0   2.01973916628
-40.0   30.0   2.01820931849
-35.0   30.0   2.01676666745
-30.0   30.0   2.01541991528
-25.0   30.0   2.01417827732
-20.0   30.0   2.01304937844
-15.0   30.0   2.01204046201
-10.0   30.0   2.01115816298
-5.0   30.0   2.0104078722
0.0   30.0   2.00979489753
5.0   30.0   2.00932312134
10.0   30.0   2.00899589767
15.0   30.0   2.00881617528
20.0   30.0   2.00878604408
25.0   30.0   2.00890764557
30.0   30.0   2.00918262124
35.0   30.0   2.00961295684
40.0   30.0   2.01020097372
45.0   30.0   2.01094962289
50.0   30.0   2.01186324626
55.0   30.0   2.01294720956
60.0   30.0   2.01420901187
65.0   30.0   2.01565799149
70.0   30.0   2.01730545645
75.0   30.0   2.01916589277
80.0   30.0   2.02125557149
85.0   30.0   2.0235932738
90.0   30.0   2.02619952626
95.0   30.0   2.0290960252
100.0   30.0   2.03230356948
105.0   30.0   2.03584214209
110.0   30.0   2.03972682551
115.0   30.0   2.04396652117
120.0   30.0   2.0485591016
125.0   30.0   2.05348767117
130.0   30.0   2.05871499228
135.0   30.0   2.06417755413
140.0   30.0   2.06977781824
145.0   30.0   2.07537607122
150.0   30.0   2.080779949
155.0   30.0   2.08573485149
160.0   30.0   2.08990985688
165.0   30.0   2.09288476155
170.0   30.0   2.09413004387
175.0   30.0   2.09298251755
180.0   30.0   2.08860743764
185.0   30.0   2.07993577043
190.0   30.0   2.06555518741
195.0   30.0   2.04349616943
200.0   30.0   2.01070281537
-200.0   27.0   2.01069122217
-195.0   27.0   2.01987851657
-190.0   27.0   2.02794981598
-185.0   27.0   2.03480201141
-180.0   27.0   2.04045337292
-175.0   27.0   2.0449832668
-170.0   27.0   2.04850221212
-165.0   27.0   2.05112821672
-160.0   27.0   2.0529774602
-155.0   27.0   2.05415692079
-150.0   27.0   2.05476431895
-145.0   27.0   2.05488408615
-140.0   27.0   2.0545903818
-135.0   27.0   2.0539474231
-130.0   27.0   2.05301008861
-125.0   27.0   2.0518258708
-120.0   27.0   2.05043550326
-115.0   27.0   2.04887389411
-110.0   27.0   2.04717159039
-105.0   27.0   2.04535465374
-100.0   27.0   2.04344600035
-95.0   27.0   2.04146703001
-90.0   27.0   2.03943528209
-85.0   27.0   2.03736765303
-80.0   27.0   2.03527965851
-75.0   27.0   2.03318595438
-70.0   27.0   2.0310998965
-65.0   27.0   2.02903496818
-60.0   27.0   2.02700405739
-55.0   27.0   2.02501910348
-50.0   27.0   2.02309228041
-45.0   27.0   2.02123555517
-40.0   27.0   2.01946056402
-35.0   27.0   2.01777741634
-30.0   27.0   2.01619695185
-25.0   27.0   2.01472881575
-20.0   27.0   2.01338215417
-15.0   27.0   2.01216541258
-10.0   27.0   2.01108582713
-5.0   27.0   2.01015009919
0.0   27.0   2.00936351818
5.0   27.0   2.00873132592
10.0   27.0   2.00825713102
15.0   27.0   2.00794394265
20.0   27.0   2.00779483966
25.0   27.0   2.00781166322
30.0   27.0   2.00799644064
35.0   27.0   2.00835151383
40.0   27.0   2.00887969931
45.0   27.0   2.00958430825
50.0   27.0   2.01047014637
55.0   27.0   2.01154405528
60.0   27.0   2.01281421914
65.0   27.0   2.01429155397
70.0   27.0   2.0159899807
75.0   27.0   2.01792573216
80.0   27.0   2.02011804279
85.0   27.0   2.02258869647
90.0   27.0   2.02536138586
95.0   27.0   2.02846043653
100.0   27.0   2.03191025907
105.0   27.0   2.03573246199
110.0   27.0   2.03994418217
115.0   27.0   2.04455311827
120.0   27.0   2.04955633035
125.0   27.0   2.05493233892
130.0   27.0   2.06063759387
135.0   27.0   2.06659883748
140.0   27.0   2.07270606065
145.0   27.0   2.07880312948
150.0   27.0   2.08467966703
155.0   27.0   2.09005874683
160.0   27.0   2.094585295
165.0   27.0   2.09781129788
170.0   27.0   2.09917717539
175.0   27.0   2.09798467639
180.0   27.0   2.09335743285
185.0   27.0   2.08417083301
190.0   27.0   2.06893158405
195.0   27.0   2.04553918014
200.0   27.0   2.01069122217
-200.0   -30.0   2.01070281537
-195.0   -30.0   2.01876811688
-190.0   -30.0   2.02590055608
-185.0   -30.0   2.03197730416
-180.0   -30.0   2.0369960064
-175.0   -30.0   2.04101871509
-170.0   -30.0   2.04413757746
-165.0   -30.0   2.04645639216
-160.0   -30.0   2.04807852242
-155.0   -30.0   2.04910025086
-150.0   -30.0   2.04960936278
-145.0   -30.0   2.04968284119
-140.0   -30.0   2.04938773661
-135.0   -30.0   2.04878288985
-130.0   -30.0   2.04791784811
-125.0   -30.0   2.04683541176
-120.0   -30.0   2.04557265372
-115.0   -30.0   2.04416117913
-110.0   -30.0   2.04262798685
-105.0   -30.0   2.0409974079
-100.0   -30.0   2.03928978607
-95.0   -30.0   2.0375233866
-90.0   -30.0   2.03571489397
-85.0   -30.0   2.03387933264
-80.0   -30.0   2.03203059069
-75.0   -30.0   2.03018159427
-70.0   -30.0   2.02834457966
-65.0   -30.0   2.02653127077
-60.0   -30.0   2.02475322232
-55.0   -30.0   2.02302127935
-50.0   -30.0   2.02134660926
-45.0   -30.0   2.01973916628
-40.0   -30.0   2.01820931849
-35.0   -30.0   2.01676666745
-30.0   -30.0   2.01541991528
-25.0   -30.0   2.01417827732
-20.0   -30.0   2.01304937844
-15.0   -30.0   2.01204046201
-10.0   -30.0   2.01115816298
-5.0   -30.0   2.0104078722
0.0   -30.0   2.00979489753
5.0   -30.0   2.00932312134
10.0   -30.0   2.00899589767
15.0   -30.0   2.00881617528
20.0   -30.0   2.00878604408
25.0   -30.0   2.00890764557
30.0   -30.0   2.00918262124
35.0   -30.0   2.00961295684
40.0   -30.0   2.01020097372
45.0   -30.0   2.01094962289
50.0   -30.0   2.01186324626
55.0   -30.0   2.01294720956
60.0   -30.0   2.01420901187
65.0   -30.0   2.01565799149
70.0   -30.0   2.01730545645
75.0   -30.0   2.01916589277
80.0   -30.0   2.02125557149
85.0   -30.0   2.0235932738
90.0   -30.0   2.02619952626
95.0   -30.0   2.0290960252
100.0   -30.0   2.03230356948
105.0   -30.0   2.03584214209
110.0   -30.0   2.03972682551
115.0   -30.0   2.04396652117
120.0   -30.0   2.0485591016
125.0   -30.0   2.05348767117
130.0   -30.0   2.05871499228
135.0   -30.0   2.06417755413
140.0   -30.0   2.06977781824
145.0   -30.0   2.07537607122
150.0   -30.0   2.080779949
155.0   -30.0   2.08573485149
160.0   -30.0   2.08990985688
165.0   -30.0   2.09288476155
170.0   -30.0   2.09413004387
175.0   -30.0   2.09298251755
180.0   -30.0   2.08860743764
185.0   -30.0   2.07993577043
190.0   -30.0   2.06555518741
195.0   -30.0   2.04349616943
200.0   -30.0   2.01070281537
-200.0   12.0   2.01042741015
-195.0   12.0   2.02363420749
-190.0   12.0   2.03474527936
-185.0   12.0   2.04380997184
-180.0   12.0   2.05085856969
-175.0   12.0   2.05594682374
-170.0   12.0   2.05915426901
-165.0   12.0   2.06058011927
-160.0   12.0   2.06033321229
-155.0   12.0   2.05852602216
-150.0   12.0   2.05526738861
-145.0   12.0   2.05065814144
-140.0   12.0   2.04478806821
-135.0   12.0   2.03773382186
-130.0   12.0   2.02955872659
-125.0   12.0   2.02031191614
-120.0   12.0   2.01002965995
-115.0   12.0   1.99873533632
-110.0   12.0   1.98643982439
-105.0   12.0   1.97314249
-100.0   12.0   1.95883299552
-95.0   12.0   1.9434903609
-90.0   12.0   1.92708566826
-85.0   12.0   1.90958289904
-80.0   12.0   1.89094011794
-75.0   12.0   1.87111140428
-70.0   12.0   1.85004920606
-65.0   12.0   1.82770851064
-60.0   12.0   1.80404809135
-55.0   12.0   1.77903784005
-50.0   12.0   1.75266325015
-45.0   12.0   1.72493359784
-40.0   12.0   1.69589017643
-35.0   12.0   1.6656170838
-30.0   12.0   1.63425194287
-25.0   12.0   1.601998404
-20.0   12.0   1.5691332602
-15.0   12.0   1.53601528546
-10.0   12.0   1.50308006455
-5.0   12.0   1.47082656154
0.0   12.0   1.43978617628
5.0   12.0   1.41047452163
10.0   12.0   1.38332677915
15.0   12.0   1.35862551148
20.0   12.0   1.33643355531
25.0   12.0   1.31654558285
30.0   12.0   1.29847003003
35.0   12.0   1.281442639
40.0   12.0   1.26446613815
45.0   12.0   1.24636034285
50.0   12.0   1.22581576657
55.0   12.0   1.20144087933
60.0   12.0   1.17181637401
65.0   12.0   1.1355796968
70.0   12.0   1.09159524913
75.0   12.0   1.03929841089
80.0   12.0   0.979403540205
85.0   12.0   0.915360810279
90.0   12.0   0.855889541126
95.0   12.0   0.817381399946
100.0   12.0   0.820814918675
105.0   12.0   0.878137510448
110.0   12.0   0.980560684338
115.0   12.0   1.1064825962
120.0   12.0   1.23675354875
125.0   12.0   1.36026539171
130.0   12.0   1.47222763351
135.0   12.0   1.5713693207
140.0   12.0   1.65807175462
145.0   12.0   1.73335470645
150.0   12.0   1.79836647281
155.0   12.0   1.85414906001
160.0   12.0   1.90154937746
165.0   12.0   1.94119934404
170.0   12.0   1.97352053696
175.0   12.0   1.99873446519
180.0   12.0   2.01686677213
185.0   12.0   2.02773217296
190.0   12.0   2.03089845266
195.0   12.0   2.02559515651
200.0   12.0   2.01042741015
-200.0   15.0   2.01042130464
-195.0   15.0   2.01914155775
-190.0   15.0   2.02683006852
-185.0   15.0   2.03321823732
-180.0   15.0   2.0381193499
-175.0   15.0   2.04142698517
-170.0   15.0   2.04309915343
-165.0   15.0   2.04314382602
-160.0   15.0   2.0416045376
-155.0   15.0   2.03854396102
-150.0   15.0   2.03403539028
-145.0   15.0   2.0281525016
-140.0   15.0   2.02096506252
-135.0   15.0   2.01253360157
-130.0   15.0   2.00290752321
-125.0   15.0   1.99212411841
-120.0   15.0   1.98020683749
-115.0   15.0   1.96716555387
-110.0   15.0   1.95299686677
-105.0   15.0   1.93768319335
-100.0   15.0   1.9211943778
-95.0   15.0   1.9034865773
-90.0   15.0   1.8845039095
-85.0   15.0   1.86417818426
-80.0   15.0   1.84243014357
-75.0   15.0   1.81917070309
-70.0   15.0   1.7943029685
-65.0   15.0   1.76772356691
-60.0   15.0   1.73932824825
-55.0   15.0   1.70901531512
-50.0   15.0   1.67669467022
-45.0   15.0   1.64229773497
-40.0   15.0   1.60579230328
-35.0   15.0   1.56720136687
-30.0   15.0   1.52662969225
-25.0   15.0   1.48429488409
-20.0   15.0   1.44056443653
-15.0   15.0   1.39599425587
-10.0   15.0   1.35136140835
-5.0   15.0   1.30767275767
0.0   15.0   1.26613414592
5.0   15.0   1.22805478773
10.0   15.0   1.19467742838
15.0   15.0   1.16695261063
20.0   15.0   1.14531573521
25.0   15.0   1.12953876493
30.0   15.0   1.11872014912
35.0   15.0   1.11140830725
40.0   15.0   1.10580608544
45.0   15.0   1.0999753987
50.0   15.0   1.09199654465
55.0   15.0   1.08006547363
60.0   15.0   1.06255043563
65.0   15.0   1.03805163108
70.0   15.0   1.00552043374
75.0   15.0   0.964534360681
80.0   15.0   0.915914588513
85.0   15.0   0.862994903482
90.0   15.0   0.813730230803
95.0   15.0   0.782603322837
100.0   15.0   0.788199881104
105.0   15.0   0.84237302776
110.0   15.0   0.939662097033
115.0   15.0   1.06187785667
120.0   15.0   1.19101731396
125.0   15.0   1.31559837138
130.0   15.0   1.4300737004
135.0   15.0   1.53250656941
140.0   15.0   1.62280244042
145.0   15.0   1.70168273415
150.0   15.0   1.77013865316
155.0   15.0   1.82915071979
160.0   15.0   1.87956033189
165.0   15.0   1.92202308706
170.0   15.0   1.9570006325
175.0   15.0   1.98476436892
180.0   15.0   2.00539894374
185.0   15.0   2.01879367063
190.0   15.0   2.02461047043
195.0   15.0   2.02221513923
200.0   15.0   2.01042130464
-200.0   18.0   2.01042791894
-195.0   18.0   2.01001638514
-190.0   18.0   2.01060199162
-185.0   18.0   2.01139581112
-180.0   18.0   2.0118349824
-175.0   18.0   2.01151157516
-170.0   18.0   2.01015060831
-165.0   18.0   2.00758235624
-160.0   18.0   2.00371479568
-155.0   18.0   1.99851192319
-150.0   18.0   1.99197334071
-145.0   18.0   1.98411945213
-140.0   18.0   1.97497987041
-135.0   18.0   1.96458559179
-130.0   18.0   1.95296256407
-125.0   18.0   1.94012919255
-120.0   18.0   1.92609171843
-115.0   18.0   1.9108442495
-110.0   18.0   1.89436631385
-105.0   18.0   1.8766225161
-100.0   18.0   1.85756082704
-95.0   18.0   1.83711368687
-90.0   18.0   1.81519553385
-85.0   18.0   1.79170296906
-80.0   18.0   1.76651465641
-75.0   18.0   1.73949044572
-70.0   18.0   1.71047146279
-65.0   18.0   1.67928130203
-60.0   18.0   1.64572742594
-55.0   18.0   1.60960401268
-50.0   18.0   1.57069972457
-45.0   18.0   1.52880664793
-40.0   18.0   1.48373905245
-35.0   18.0   1.43535917534
-30.0   18.0   1.38362064355
-25.0   18.0   1.3286317065
-20.0   18.0   1.2707449184
-15.0   18.0   1.2106798534
-10.0   18.0   1.14966759038
-5.0   18.0   1.0895882787
0.0   18.0   1.03302063969
5.0   18.0   0.98307578693
10.0   18.0   0.942894745886
15.0   18.0   0.914836179627
20.0   18.0   0.899675230148
25.0   18.0   0.896288502976
30.0   18.0   0.902029285639
35.0   18.0   0.913490791938
40.0   18.0   0.927195840159
45.0   18.0   0.940025983207
50.0   18.0   0.949438947411
55.0   18.0   0.953519241495
60.0   18.0   0.950954451794
65.0   18.0   0.94103409245
70.0   18.0   0.923778731829
75.0   18.0   0.90028356673
80.0   18.0   0.87336077365
85.0   18.0   0.848430376014
90.0   18.0   0.834121013414
95.0   18.0   0.841175732537
100.0   18.0   0.878292380325
105.0   18.0   0.946814533605
110.0   18.0   1.03963953684
115.0   18.0   1.14569917535
120.0   18.0   1.25506307642
125.0   18.0   1.36107280385
130.0   18.0   1.46009529489
135.0   18.0   1.55054533349
140.0   18.0   1.63201232246
145.0   18.0   1.70467468394
150.0   18.0   1.76895662487
155.0   18.0   1.82533727631
160.0   18.0   1.87425437107
165.0   18.0   1.91605469847
170.0   18.0   1.95097150794
175.0   18.0   1.97911211307
180.0   18.0   2.00044567008
185.0   18.0   2.01478405958
190.0   18.0   2.02174444397
195.0   18.0   2.02067929518
200.0   18.0   2.01042791894
-200.0   21.0   2.01045352723
-195.0   21.0   1.99998040419
-190.0   21.0   1.99228400376
-185.0   21.0   1.98625306511
-180.0   21.0   1.98105753136
-175.0   21.0   1.97604440704
-170.0   21.0   1.97072740067
-165.0   21.0   1.96476125466
-160.0   21.0   1.95791580904
-155.0   21.0   1.95004616397
-150.0   21.0   1.94107031531
-145.0   21.0   1.93094715754
-140.0   21.0   1.9196617685
-135.0   21.0   1.90721317408
-130.0   21.0   1.89360492182
-125.0   21.0   1.87884006955
-120.0   21.0   1.86291497916
-115.0   21.0   1.84581837114
-110.0   21.0   1.82752683132
-105.0   21.0   1.80800602944
-100.0   21.0   1.78720679514
-95.0   21.0   1.76506671085
-90.0   21.0   1.74150825169
-85.0   21.0   1.71643875607
-80.0   21.0   1.68975177343
-75.0   21.0   1.66132611679
-70.0   21.0   1.63102798676
-65.0   21.0   1.59871409922
-60.0   21.0   1.56423449015
-55.0   21.0   1.5274393881
-50.0   21.0   1.48819013063
-45.0   21.0   1.44637360794
-40.0   21.0   1.4019255473
-35.0   21.0   1.35486295611
-30.0   21.0   1.30533244927
-25.0   21.0   1.25367154721
-20.0   21.0   1.20049140036
-15.0   21.0   1.14676412126
-10.0   21.0   1.0939022952
-5.0   21.0   1.04378064985
0.0   21.0   0.998633211391
5.0   21.0   0.960764267122
10.0   21.0   0.932073887658
15.0   21.0   0.913540213634
20.0   21.0   0.904907338854
25.0   21.0   0.904763704406
30.0   21.0   0.910918014601
35.0   21.0   0.920819987347
40.0   21.0   0.931931725371
45.0   21.0   0.942041256668
50.0   21.0   0.949449486277
55.0   21.0   0.953049457692
60.0   21.0   0.952372567392
65.0   21.0   0.947672420208
70.0   21.0   0.940081474616
75.0   21.0   0.931827931228
80.0   21.0   0.926419419016
85.0   21.0   0.928544193796
90.0   21.0   0.94334802811
95.0   21.0   0.974951521247
100.0   21.0   1.02478292221
105.0   21.0   1.09088839829
110.0   21.0   1.16880415095
115.0   21.0   1.25326878413
120.0   21.0   1.33962679329
125.0   21.0   1.42443447503
130.0   21.0   1.50545325424
135.0   21.0   1.58137964112
140.0   21.0   1.65154293037
145.0   21.0   1.71565954703
150.0   21.0   1.77365923802
155.0   21.0   1.82557150743
160.0   21.0   1.87145351149
165.0   21.0   1.91134407554
170.0   21.0   1.94523670256
175.0   21.0   1.97305651256
180.0   21.0   1.99464232495
185.0   21.0   2.00972243617
190.0   21.0   2.01787768845
195.0   21.0   2.01847700415
200.0   21.0   2.01045352723
-200.0   9.0   2.01043690745
-195.0   9.0   2.0194360794
-190.0   9.0   2.02799884311
-185.0   9.0   2.0355770451
-180.0   9.0   2.04184298083
-175.0   9.0   2.04661579794
-170.0   9.0   2.04982148968
-165.0   9.0   2.05145976298
-160.0   9.0   2.05157760638
-155.0   9.0   2.05024858958
-150.0   9.0   2.04755858127
-145.0   9.0   2.04359476181
-140.0   9.0   2.03844062176
-135.0   9.0   2.03217131186
-130.0   9.0   2.02485071567
-125.0   9.0   2.01653227542
-120.0   9.0   2.00725709797
-115.0   9.0   1.99705560045
-110.0   9.0   1.9859478892
-105.0   9.0   1.97394363448
-100.0   9.0   1.96104395326
-95.0   9.0   1.94724239411
-90.0   9.0   1.93252591747
-85.0   9.0   1.9168755517
-80.0   9.0   1.9002691364
-75.0   9.0   1.88268238072
-70.0   9.0   1.86409072745
-65.0   9.0   1.84447280171
-60.0   9.0   1.82381159578
-55.0   9.0   1.80209997126
-50.0   9.0   1.77934322807
-45.0   9.0   1.75556409443
-40.0   9.0   1.73080830027
-35.0   9.0   1.7051494803
-30.0   9.0   1.67869464679
-25.0   9.0   1.65158838485
-20.0   9.0   1.62401582575
-15.0   9.0   1.59620141059
-10.0   9.0   1.56840361233
-5.0   9.0   1.54090336542
0.0   9.0   1.51398365364
5.0   9.0   1.4879019207
10.0   9.0   1.46285756768
15.0   9.0   1.43895347609
20.0   9.0   1.41616295357
25.0   9.0   1.39430371531
30.0   9.0   1.3730245737
35.0   9.0   1.35181048692
40.0   9.0   1.33000477577
45.0   9.0   1.30684736385
50.0   9.0   1.28153581214
55.0   9.0   1.25331197596
60.0   9.0   1.22159879334
65.0   9.0   1.18621720858
70.0   9.0   1.1477380484
75.0   9.0   1.10801209644
80.0   9.0   1.07085220871
85.0   9.0   1.04256342447
90.0   9.0   1.03148574159
95.0   9.0   1.04549278994
100.0   9.0   1.08795034821
105.0   9.0   1.15541055965
110.0   9.0   1.23955777623
115.0   9.0   1.33131888147
120.0   9.0   1.42364150803
125.0   9.0   1.51210309848
130.0   9.0   1.59437155344
135.0   9.0   1.66945322949
140.0   9.0   1.73710316564
145.0   9.0   1.79744388261
150.0   9.0   1.85074153674
155.0   9.0   1.89728061702
160.0   9.0   1.93729761978
165.0   9.0   1.97094279908
170.0   9.0   1.99825912913
175.0   9.0   2.01916180379
180.0   9.0   2.03341429742
185.0   9.0   2.04058901838
190.0   9.0   2.03999786268
195.0   9.0   2.03056024916
200.0   9.0   2.01043690745
-200.0   24.0   2.01049327644
-195.0   24.0   1.9907502893
-190.0   24.0   1.9750639961
-185.0   24.0   1.96221036522
-180.0   24.0   1.95123879545
-175.0   24.0   1.94135191689
-170.0   24.0   1.9319169427
-165.0   24.0   1.9224556031
-160.0   24.0   1.91262356935
-155.0   24.0   1.90218292841
-150.0   24.0   1.89097910576
-145.0   24.0   1.8789167549
-140.0   24.0   1.86594255561
-135.0   24.0   1.85202999741
-130.0   24.0   1.83716873733
-125.0   24.0   1.82135605337
-120.0   24.0   1.80459238949
-115.0   24.0   1.78687618583
-110.0   24.0   1.76820270076
-105.0   24.0   1.74856160771
-100.0   24.0   1.72793714659
-95.0   24.0   1.70630756006
-90.0   24.0   1.6836462394
-85.0   24.0   1.65992327036
-80.0   24.0   1.6351066316
-75.0   24.0   1.60916600712
-70.0   24.0   1.58207605049
-65.0   24.0   1.55382192997
-60.0   24.0   1.52440526232
-55.0   24.0   1.49385187437
-50.0   24.0   1.46222316667
-45.0   24.0   1.42962646168
-40.0   24.0   1.39622993849
-35.0   24.0   1.36227568326
-30.0   24.0   1.32809483312
-25.0   24.0   1.29411763663
-20.0   24.0   1.26087556724
-15.0   24.0   1.22899097729
-10.0   24.0   1.19914772739
-5.0   24.0   1.17203792264
0.0   24.0   1.14829042428
5.0   24.0   1.12838411339
10.0   24.0   1.11257115474
15.0   24.0   1.10082500668
20.0   24.0   1.0928334133
25.0   24.0   1.088035037
30.0   24.0   1.08569281908
35.0   24.0   1.08498928677
40.0   24.0   1.08512839231
45.0   24.0   1.08543308337
50.0   24.0   1.08543108563
55.0   24.0   1.08493071773
60.0   24.0   1.08408816414
65.0   24.0   1.08346735885
70.0   24.0   1.08407631928
75.0   24.0   1.08736054438
80.0   24.0   1.09510715043
85.0   24.0   1.1092256363
90.0   24.0   1.13140030753
95.0   24.0   1.16268962896
100.0   24.0   1.20322397808
105.0   24.0   1.25214282797
110.0   24.0   1.30780442723
115.0   24.0   1.3681546607
120.0   24.0   1.43109914997
125.0   24.0   1.49476184748
130.0   24.0   1.55760848537
135.0   24.0   1.61846143202
140.0   24.0   1.67645523998
145.0   24.0   1.73097009566
150.0   24.0   1.78156194492
155.0   24.0   1.82790452124
160.0   24.0   1.86973999276
165.0   24.0   1.90684421482
170.0   24.0   1.93899746643
175.0   24.0   1.96596290745
180.0   24.0   1.98746672959
185.0   24.0   2.00317632093
190.0   24.0   2.01267200959
195.0   24.0   2.01539976232
200.0   24.0   2.01049327644
-200.0   6.0   2.01046627993
-195.0   6.0   2.01558770856
-190.0   6.0   2.02184809952
-185.0   6.0   2.0281266134
-180.0   6.0   2.0337638518
-175.0   6.0   2.03836652032
-170.0   6.0   2.04172644248
-165.0   6.0   2.04375895942
-160.0   6.0   2.04445957314
-155.0   6.0   2.04387011732
-150.0   6.0   2.04205861896
-145.0   6.0   2.03910271162
-140.0   6.0   2.0350827404
-135.0   6.0   2.03007394393
-130.0   6.0   2.02414506043
-125.0   6.0   2.01735613396
-120.0   6.0   2.00975787003
-115.0   6.0   2.00139240667
-110.0   6.0   1.99229365866
-105.0   6.0   1.9824884707
-100.0   6.0   1.97199680985
-95.0   6.0   1.96083370175
-90.0   6.0   1.94901000356
-85.0   6.0   1.93653392866
-80.0   6.0   1.92341256266
-75.0   6.0   1.90965284686
-70.0   6.0   1.89526347451
-65.0   6.0   1.88025674421
-60.0   6.0   1.86465012796
-55.0   6.0   1.84846806006
-50.0   6.0   1.83174423928
-45.0   6.0   1.81452313876
-40.0   6.0   1.79686151086
-35.0   6.0   1.77883067904
-30.0   6.0   1.76051548487
-25.0   6.0   1.74201667733
-20.0   6.0   1.72344775779
-15.0   6.0   1.70493438859
-10.0   6.0   1.68660849497
-5.0   6.0   1.66860450005
0.0   6.0   1.65105115222
5.0   6.0   1.63406373785
10.0   6.0   1.61773571096
15.0   6.0   1.60213081898
20.0   6.0   1.58727919416
25.0   6.0   1.57317434158
30.0   6.0   1.55977897395
35.0   6.0   1.54703476594
40.0   6.0   1.5348809513
45.0   6.0   1.52327998695
50.0   6.0   1.5122503384
55.0   6.0   1.50190617326
60.0   6.0   1.49249842068
65.0   6.0   1.48445245636
70.0   6.0   1.47839447514
75.0   6.0   1.47514681352
80.0   6.0   1.47568089085
85.0   6.0   1.48101213401
90.0   6.0   1.4920417426
95.0   6.0   1.50937408182
100.0   6.0   1.53316545234
105.0   6.0   1.56305545816
110.0   6.0   1.59821068133
115.0   6.0   1.63746134934
120.0   6.0   1.67947717443
125.0   6.0   1.72292956984
130.0   6.0   1.76660407306
135.0   6.0   1.80945778824
140.0   6.0   1.85062898557
145.0   6.0   1.88941918709
150.0   6.0   1.92525890006
155.0   6.0   1.95766956818
160.0   6.0   1.9862240168
165.0   6.0   2.0105121323
170.0   6.0   2.03010516236
175.0   6.0   2.04452053812
180.0   6.0   2.05317841963
185.0   6.0   2.05534202651
190.0   6.0   2.05002348096
195.0   6.0   2.0358173801
200.0   6.0   2.01046627993
-200.0   27.0   2.01053963462
-195.0   27.0   1.98447935378
-190.0   27.0   1.96309141623
-185.0   27.0   1.94520678719
-180.0   27.0   1.92989583589
-175.0   27.0   1.91633913223
-170.0   27.0   1.90385727173
-165.0   27.0   1.89191612667
-160.0   27.0   1.88011440995
-155.0   27.0   1.86816458064
-150.0   27.0   1.85587071313
-145.0   27.0   1.84310609767
-140.0   27.0   1.82979623438
-135.0   27.0   1.81590179437
-130.0   27.0   1.8014091987
-125.0   27.0   1.78631938235
-120.0   27.0   1.77064376536
-115.0   27.0   1.75439821554
-110.0   27.0   1.73760180029
-105.0   27.0   1.72027466979
-100.0   27.0   1.70243701635
-95.0   27.0   1.68411060331
-90.0   27.0   1.66531785831
-85.0   27.0   1.64608425035
-80.0   27.0   1.62643974065
-75.0   27.0   1.60642079382
-70.0   27.0   1.58607214652
-65.0   27.0   1.56545058805
-60.0   27.0   1.54462700615
-55.0   27.0   1.52368836629
-50.0   27.0   1.50274062751
-45.0   27.0   1.48191075483
-40.0   27.0   1.4613456114
-35.0   27.0   1.44121313909
-30.0   27.0   1.4216975533
-25.0   27.0   1.40299526151
-20.0   27.0   1.38530638178
-15.0   27.0   1.3688251136
-10.0   27.0   1.35372663028
-5.0   27.0   1.34015472676
0.0   27.0   1.32820911449
5.0   27.0   1.31793553336
10.0   27.0   1.30932004711
15.0   27.0   1.30228922922
20.0   27.0   1.29671607431
25.0   27.0   1.29243343114
30.0   27.0   1.2892514183
35.0   27.0   1.28698054043
40.0   27.0   1.28545770239
45.0   27.0   1.28457189609
50.0   27.0   1.28429124087
55.0   27.0   1.28468735425
60.0   27.0   1.28595568706
65.0   27.0   1.28842845247
70.0   27.0   1.2925729021
75.0   27.0   1.29897645089
80.0   27.0   1.30830384408
85.0   27.0   1.32123456422
90.0   27.0   1.3383753646
95.0   27.0   1.36016796013
100.0   27.0   1.38680680421
105.0   27.0   1.41819015076
110.0   27.0   1.4539205518
115.0   27.0   1.49334831329
120.0   27.0   1.53564941242
125.0   27.0   1.57991180885
130.0   27.0   1.62521496046
135.0   27.0   1.67068552992
140.0   27.0   1.71553100877
145.0   27.0   1.75905272019
150.0   27.0   1.80064090515
155.0   27.0   1.83976490123
160.0   27.0   1.8759543657
165.0   27.0   1.90878383934
170.0   27.0   1.93785540724
175.0   27.0   1.96278348444
180.0   27.0   1.98318085055
185.0   27.0   1.99864330124
190.0   27.0   2.00873010005
195.0   27.0   2.01293291074
200.0   27.0   2.01053963462
-200.0   3.0   2.01051616789
-195.0   3.0   2.02048518808
-190.0   3.0   2.0304437527
-185.0   3.0   2.03957752594
-180.0   3.0   2.04747969701
-175.0   3.0   2.05396727588
-170.0   3.0   2.05899454758
-165.0   3.0   2.06259780655
-160.0   3.0   2.06485951098
-155.0   3.0   2.0658822338
-150.0   3.0   2.06577645075
-145.0   3.0   2.0646489769
-140.0   3.0   2.06260039341
-135.0   3.0   2.05972244582
-130.0   3.0   2.05609603662
-125.0   3.0   2.05179250571
-120.0   3.0   2.04687486745
-115.0   3.0   2.04139628584
-110.0   3.0   2.03540456839
-105.0   3.0   2.02893957987
-100.0   3.0   2.02203740446
-95.0   3.0   2.01472978972
-90.0   3.0   2.00704585534
-85.0   3.0   1.99901268267
-80.0   3.0   1.9906566882
-75.0   3.0   1.98200449433
-70.0   3.0   1.97308401537
-65.0   3.0   1.96392466519
-60.0   3.0   1.95455921658
-55.0   3.0   1.9450233085
-50.0   3.0   1.93535665742
-45.0   3.0   1.9256027755
-40.0   3.0   1.91580993635
-35.0   3.0   1.90602982924
-30.0   3.0   1.89631805899
-25.0   3.0   1.88673264441
-20.0   3.0   1.8773339742
-15.0   3.0   1.8681816183
-10.0   3.0   1.85933527695
-5.0   3.0   1.85085048319
0.0   3.0   1.84277843174
5.0   3.0   1.83516392543
10.0   3.0   1.82804459266
15.0   3.0   1.82144919827
20.0   3.0   1.81539857486
25.0   3.0   1.80990663456
30.0   3.0   1.80498271249
35.0   3.0   1.80063403214
40.0   3.0   1.79687124472
45.0   3.0   1.7937131544
50.0   3.0   1.79119230672
55.0   3.0   1.78936201522
60.0   3.0   1.78830110067
65.0   3.0   1.78811845977
70.0   3.0   1.78895470795
75.0   3.0   1.79097973289
80.0   3.0   1.79438715035
85.0   3.0   1.79938193643
90.0   3.0   1.80616439339
95.0   3.0   1.81490855232
100.0   3.0   1.82574002063
105.0   3.0   1.83871331787
110.0   3.0   1.85379591096
115.0   3.0   1.87085702075
120.0   3.0   1.88966785729
125.0   3.0   1.90990849906
130.0   3.0   1.93118199083
135.0   3.0   1.95303139903
140.0   3.0   1.97495741943
145.0   3.0   1.99643146036
150.0   3.0   2.01690480252
155.0   3.0   2.03581165329
160.0   3.0   2.05256525783
165.0   3.0   2.06654584262
170.0   3.0   2.07708445655
175.0   3.0   2.08343069012
180.0   3.0   2.08470671111
185.0   3.0   2.07983063856
190.0   3.0   2.06738337606
195.0   3.0   2.04535640644
200.0   3.0   2.01051616789
-200.0   0.0   2.01058066443
-195.0   0.0   2.03281902192
-190.0   0.0   2.05123098948
-185.0   0.0   2.06629356642
-180.0   0.0   2.07844344825
-175.0   0.0   2.08808761519
-170.0   0.0   2.09558950333
-165.0   0.0   2.10126490443
-160.0   0.0   2.10538304561
-155.0   0.0   2.10817140979
-150.0   0.0   2.10982030773
-145.0   0.0   2.11048961577
-140.0   0.0   2.11031299341
-135.0   0.0   2.10940266083
-130.0   0.0   2.10785303631
-125.0   0.0   2.1057444158
-120.0   0.0   2.10314492685
-115.0   0.0   2.10011306316
-110.0   0.0   2.09669947161
-105.0   0.0   2.09294779355
-100.0   0.0   2.08889719872
-95.0   0.0   2.08458191122
-90.0   0.0   2.08003394183
-85.0   0.0   2.07528247947
-80.0   0.0   2.07035484871
-75.0   0.0   2.06527871868
-70.0   0.0   2.06008017446
-65.0   0.0   2.05478609447
-60.0   0.0   2.04942410854
-55.0   0.0   2.04402218699
-50.0   0.0   2.03860929054
-45.0   0.0   2.03321534065
-40.0   0.0   2.02787116556
-35.0   0.0   2.0226081558
-30.0   0.0   2.01745780499
-25.0   0.0   2.01245180501
-20.0   0.0   2.00762059386
-15.0   0.0   2.0029939665
-10.0   0.0   1.99859973372
-5.0   0.0   1.99446342411
0.0   0.0   1.99060794517
5.0   0.0   1.98705249323
10.0   0.0   1.98381353005
15.0   0.0   1.98090384176
20.0   0.0   1.97833323753
25.0   0.0   1.97610868823
30.0   0.0   1.97423608852
35.0   0.0   1.97272042369
40.0   0.0   1.97156780434
45.0   0.0   1.97078715964
50.0   0.0   1.97039173551
55.0   0.0   1.97040129448
60.0   0.0   1.97084349203
65.0   0.0   1.97175590559
70.0   0.0   1.97318591581
75.0   0.0   1.97519103694
80.0   0.0   1.97783860953
85.0   0.0   1.98120177005
90.0   0.0   1.98535690954
95.0   0.0   1.99037743334
100.0   0.0   1.99632747823
105.0   0.0   2.00325295179
110.0   0.0   2.01117401023
115.0   0.0   2.02007558206
120.0   0.0   2.02990027275
125.0   0.0   2.04054107575
130.0   0.0   2.05183706388
135.0   0.0   2.06356935283
140.0   0.0   2.07545950977
145.0   0.0   2.08716737976
150.0   0.0   2.09829060989
155.0   0.0   2.10835965266
160.0   0.0   2.11683221754
165.0   0.0   2.12308006695
170.0   0.0   2.12636857058
175.0   0.0   2.12582086503
180.0   0.0   2.12035501794
185.0   0.0   2.10857603654
190.0   0.0   2.08857451539
195.0   0.0   2.05751319925
200.0   0.0   2.01058066443
-200.0   30.0   2.01058327528
-195.0   30.0   1.98177302877
-190.0   30.0   1.95780375249
-185.0   30.0   1.93760418067
-180.0   30.0   1.92031913225
-175.0   30.0   1.90517523221
-170.0   30.0   1.89151649507
-165.0   30.0   1.87881522427
-160.0   30.0   1.86666727211
-155.0   30.0   1.85477674407
-150.0   30.0   1.8429374821
-145.0   30.0   1.83101374843
-140.0   30.0   1.81892289806
-135.0   30.0   1.80662088471
-130.0   30.0   1.79409029342
-125.0   30.0   1.78133227347
-120.0   30.0   1.7683600638
-115.0   30.0   1.75519383588
-110.0   30.0   1.74185878877
-105.0   30.0   1.72838183573
-100.0   30.0   1.71479258163
-95.0   30.0   1.701120751
-90.0   30.0   1.68739813594
-85.0   30.0   1.67365770035
-80.0   30.0   1.65993486388
-75.0   30.0   1.64626747559
-70.0   30.0   1.63269747463
-65.0   30.0   1.61927031132
-60.0   30.0   1.6060365016
-55.0   30.0   1.59305081956
-50.0   30.0   1.58037315104
-45.0   30.0   1.5680668136
-40.0   30.0   1.55619849891
-35.0   30.0   1.5448367845
-30.0   30.0   1.53404926781
-25.0   30.0   1.52390143288
-20.0   30.0   1.51445326009
-15.0   30.0   1.50575707748
-10.0   30.0   1.49785409799
-5.0   30.0   1.49077269951
0.0   30.0   1.48452709388
5.0   30.0   1.47911540844
10.0   30.0   1.47452156195
15.0   30.0   1.47071583054
20.0   30.0   1.46765841276
25.0   30.0   1.46530333258
30.0   30.0   1.46360542369
35.0   30.0   1.46252641027
40.0   30.0   1.46204268956
45.0   30.0   1.46215430531
50.0   30.0   1.46289128584
55.0   30.0   1.46432414423
60.0   30.0   1.46656662263
65.0   30.0   1.46978176458
70.0   30.0   1.47418038229
75.0   30.0   1.48001620397
80.0   30.0   1.4875748837
85.0   30.0   1.49715600311
90.0   30.0   1.50904918797
95.0   30.0   1.52350608201
100.0   30.0   1.54071058554
105.0   30.0   1.56075213731
110.0   30.0   1.58360643386
115.0   30.0   1.60912648504
120.0   30.0   1.63704764497
125.0   30.0   1.6669994809
130.0   30.0   1.69852999755
135.0   30.0   1.73112963688
140.0   30.0   1.76425604718
145.0   30.0   1.79735411404
150.0   30.0   1.82987201143
155.0   30.0   1.86126818502
160.0   30.0   1.89101889384
165.0   30.0   1.91861517038
170.0   30.0   1.94356419529
175.0   30.0   1.96538377481
180.0   30.0   1.98359958824
185.0   30.0   1.99773678943
190.0   30.0   2.00731148973
195.0   30.0   2.01181057123
200.0   30.0   2.01058327528
-200.0   -24.0   2.01059812635
-195.0   -24.0   1.99576748073
-190.0   -24.0   1.98511805593
-185.0   -24.0   1.97731786706
-180.0   -24.0   1.9714192536
-175.0   -24.0   1.96668935898
-170.0   -24.0   1.96258619196
-165.0   -24.0   1.95872541646
-160.0   -24.0   1.9548485545
-155.0   -24.0   1.95079107171
-150.0   -24.0   1.94645819968
-145.0   -24.0   1.94180331558
-140.0   -24.0   1.93681237809
-135.0   -24.0   1.93149220606
-130.0   -24.0   1.92586326464
-125.0   -24.0   1.91995224739
-120.0   -24.0   1.91378978545
-115.0   -24.0   1.90740779181
-110.0   -24.0   1.90083720143
-105.0   -24.0   1.89410843803
-100.0   -24.0   1.88725085326
-95.0   -24.0   1.88029198865
-90.0   -24.0   1.8732591102
-85.0   -24.0   1.8661781786
-80.0   -24.0   1.85907562943
-75.0   -24.0   1.85197733638
-70.0   -24.0   1.84491033461
-65.0   -24.0   1.83790152238
-60.0   -24.0   1.83097929384
-55.0   -24.0   1.82417284196
-50.0   -24.0   1.81751198177
-45.0   -24.0   1.81102720821
-40.0   -24.0   1.8047497427
-35.0   -24.0   1.79871026881
-30.0   -24.0   1.79293911577
-25.0   -24.0   1.78746492371
-20.0   -24.0   1.78231544706
-15.0   -24.0   1.7775149774
-10.0   -24.0   1.77308521741
-5.0   -24.0   1.76904459407
0.0   -24.0   1.76540700541
5.0   -24.0   1.76218287021
10.0   -24.0   1.75937880297
15.0   -24.0   1.75699787467
20.0   -24.0   1.75504097213
25.0   -24.0   1.75350722308
30.0   -24.0   1.75239549873
35.0   -24.0   1.75170785818
40.0   -24.0   1.75144906159
45.0   -24.0   1.75163055546
50.0   -24.0   1.75227231696
55.0   -24.0   1.75340547504
60.0   -24.0   1.7550733995
65.0   -24.0   1.75733409945
70.0   -24.0   1.76025962262
75.0   -24.0   1.76393764598
80.0   -24.0   1.76846781259
85.0   -24.0   1.77395892946
90.0   -24.0   1.78052425492
95.0   -24.0   1.78827338132
100.0   -24.0   1.79730433309
105.0   -24.0   1.80769440249
110.0   -24.0   1.81948834229
115.0   -24.0   1.83269102273
120.0   -24.0   1.84725694064
125.0   -24.0   1.86308587296
130.0   -24.0   1.88001787629
135.0   -24.0   1.89783242555
140.0   -24.0   1.91625099876
145.0   -24.0   1.93493805789
150.0   -24.0   1.95350574605
155.0   -24.0   1.97151687096
160.0   -24.0   1.98848853661
165.0   -24.0   2.00389271575
170.0   -24.0   2.01715499153
175.0   -24.0   2.02765129889
180.0   -24.0   2.03469508344
185.0   -24.0   2.03751905257
190.0   -24.0   2.03523420161
195.0   -24.0   2.02675993731
200.0   -24.0   2.01059812635
-200.0   -3.0   2.01064318505
-195.0   -3.0   2.04482836839
-190.0   -3.0   2.07095088357
-185.0   -3.0   2.09115363124
-180.0   -3.0   2.10682593787
-175.0   -3.0   2.11897819526
-170.0   -3.0   2.1283605424
-165.0   -3.0   2.13553818529
-160.0   -3.0   2.14094083965
-155.0   -3.0   2.14489905666
-150.0   -3.0   2.14766831213
-145.0   -3.0   2.14944895069
-140.0   -3.0   2.15039996956
-135.0   -3.0   2.15064829167
-130.0   -3.0   2.15029714013
-125.0   -3.0   2.14943166164
-120.0   -3.0   2.14812264228
-115.0   -3.0   2.14642965391
-110.0   -3.0   2.1444033702
-105.0   -3.0   2.14208773317
-100.0   -3.0   2.13952082826
-95.0   -3.0   2.13673679742
-90.0   -3.0   2.13376641908
-85.0   -3.0   2.13063678101
-80.0   -3.0   2.12737472895
-75.0   -3.0   2.12400459018
-70.0   -3.0   2.12055018913
-65.0   -3.0   2.11703420562
-60.0   -3.0   2.11348000031
-55.0   -3.0   2.10991062988
-50.0   -3.0   2.10634809906
-45.0   -3.0   2.10281522321
-40.0   -3.0   2.09933478016
-35.0   -3.0   2.09592916567
-30.0   -3.0   2.0926199665
-25.0   -3.0   2.08942897677
-20.0   -3.0   2.08637611997
-15.0   -3.0   2.08348080423
-10.0   -3.0   2.08076050597
-5.0   -3.0   2.07823159356
0.0   -3.0   2.07590796914
5.0   -3.0   2.07380172688
10.0   -3.0   2.07192290267
15.0   -3.0   2.07027899388
20.0   -3.0   2.06887676809
25.0   -3.0   2.06772076179
30.0   -3.0   2.0668142972
35.0   -3.0   2.06616070547
40.0   -3.0   2.06576346121
45.0   -3.0   2.06562745089
50.0   -3.0   2.06575963893
55.0   -3.0   2.06616980478
60.0   -3.0   2.06687202498
65.0   -3.0   2.06788455732
70.0   -3.0   2.06923139297
75.0   -3.0   2.07094120521
80.0   -3.0   2.07304782472
85.0   -3.0   2.0755889144
90.0   -3.0   2.07860374279
95.0   -3.0   2.08213141216
100.0   -3.0   2.08620633385
105.0   -3.0   2.09085454929
110.0   -3.0   2.0960878141
115.0   -3.0   2.10189866574
120.0   -3.0   2.10825276065
125.0   -3.0   2.11508286126
130.0   -3.0   2.122282004
135.0   -3.0   2.12969674807
140.0   -3.0   2.13712071984
145.0   -3.0   2.14428655027
150.0   -3.0   2.15085862055
155.0   -3.0   2.1564240662
160.0   -3.0   2.16047803927
165.0   -3.0   2.16240633519
170.0   -3.0   2.16145607422
175.0   -3.0   2.15668800645
180.0   -3.0   2.14689751902
185.0   -3.0   2.1304708681
190.0   -3.0   2.10511403658
195.0   -3.0   2.06727608333
200.0   -3.0   2.01064318505
-200.0   -27.0   2.01061436701
-195.0   -27.0   1.99306150863
-190.0   -27.0   1.97976257382
-185.0   -27.0   1.96948546846
-180.0   -27.0   1.96133998022
-175.0   -27.0   1.954618195
-170.0   -27.0   1.94878160746
-165.0   -27.0   1.9434376483
-160.0   -27.0   1.9383120948
-155.0   -27.0   1.93322310788
-150.0   -27.0   1.92805754442
-145.0   -27.0   1.9227517743
-140.0   -27.0   1.91727669635
-135.0   -27.0   1.91162560587
-130.0   -27.0   1.90580623857
-125.0   -27.0   1.89983502972
-120.0   -27.0   1.89373269719
-115.0   -27.0   1.88752233023
-110.0   -27.0   1.88122702664
-105.0   -27.0   1.8748698537
-100.0   -27.0   1.8684727553
-95.0   -27.0   1.86205697018
-90.0   -27.0   1.85564318748
-85.0   -27.0   1.84925116735
-80.0   -27.0   1.84290076799
-75.0   -27.0   1.8366117437
-70.0   -27.0   1.83040469928
-65.0   -27.0   1.82429977732
-60.0   -27.0   1.81831886756
-55.0   -27.0   1.8124836068
-50.0   -27.0   1.80681683395
-45.0   -27.0   1.80134173802
-40.0   -27.0   1.79608101095
-35.0   -27.0   1.79105818149
-30.0   -27.0   1.78629545752
-25.0   -27.0   1.78181452082
-20.0   -27.0   1.77763497284
-15.0   -27.0   1.77377480515
-10.0   -27.0   1.77024973568
-5.0   -27.0   1.76707235473
0.0   -27.0   1.76425332679
5.0   -27.0   1.76179996571
10.0   -27.0   1.75971690587
15.0   -27.0   1.75800670928
20.0   -27.0   1.75667072873
25.0   -27.0   1.7557092741
30.0   -27.0   1.75512371513
35.0   -27.0   1.75491695025
40.0   -27.0   1.75509614606
45.0   -27.0   1.75567311332
50.0   -27.0   1.75666710862
55.0   -27.0   1.75810626328
60.0   -27.0   1.76002902747
65.0   -27.0   1.76248533096
70.0   -27.0   1.76553748681
75.0   -27.0   1.76925937104
80.0   -27.0   1.77373552572
85.0   -27.0   1.77905919214
90.0   -27.0   1.7853276137
95.0   -27.0   1.79263748664
100.0   -27.0   1.80107780516
105.0   -27.0   1.81072279224
110.0   -27.0   1.82162329998
115.0   -27.0   1.83379792545
120.0   -27.0   1.84722597355
125.0   -27.0   1.86183939711
130.0   -27.0   1.87751909606
135.0   -27.0   1.89409030383
140.0   -27.0   1.9113221725
145.0   -27.0   1.92892725096
150.0   -27.0   1.94656324157
155.0   -27.0   1.96383401116
160.0   -27.0   1.98029322893
165.0   -27.0   1.99544469495
170.0   -27.0   2.00874283535
175.0   -27.0   2.01959063829
180.0   -27.0   2.02733234983
185.0   -27.0   2.03123914124
190.0   -27.0   2.03047773001
195.0   -27.0   2.02405322684
200.0   -27.0   2.01061436701
-200.0   -6.0   2.01067576408
-195.0   -6.0   2.04958831795
-190.0   -6.0   2.07871717168
-185.0   -6.0   2.10093222774
-180.0   -6.0   2.11801004174
-175.0   -6.0   2.13119332225
-170.0   -6.0   2.14137621619
-165.0   -6.0   2.14921314954
-160.0   -6.0   2.15519091635
-155.0   -6.0   2.15967550071
-150.0   -6.0   2.16294527165
-145.0   -6.0   2.16521487741
-140.0   -6.0   2.16665149727
-135.0   -6.0   2.16738738346
-130.0   -6.0   2.16752943137
-125.0   -6.0   2.16716429432
-120.0   -6.0   2.16636365312
-115.0   -6.0   2.16518822935
-110.0   -6.0   2.16368888931
-105.0   -6.0   2.16190985527
-100.0   -6.0   2.15988943805
-95.0   -6.0   2.15766174785
-90.0   -6.0   2.15525711625
-85.0   -6.0   2.15270320936
-80.0   -6.0   2.15002589183
-75.0   -6.0   2.14724930027
-70.0   -6.0   2.14439619445
-65.0   -6.0   2.14148865434
-60.0   -6.0   2.13854838564
-55.0   -6.0   2.13559646557
-50.0   -6.0   2.13265342506
-45.0   -6.0   2.12973999426
-40.0   -6.0   2.12687587133
-35.0   -6.0   2.12408062685
-30.0   -6.0   2.12137358613
-25.0   -6.0   2.11877253709
-20.0   -6.0   2.1162947001
-15.0   -6.0   2.11395620723
-10.0   -6.0   2.11177164388
-5.0   -6.0   2.10975422685
0.0   -6.0   2.10791531509
5.0   -6.0   2.10626462244
10.0   -6.0   2.10481041742
15.0   -6.0   2.10355869608
20.0   -6.0   2.10251454691
25.0   -6.0   2.10168143005
30.0   -6.0   2.10106205289
35.0   -6.0   2.1006587934
40.0   -6.0   2.10047462545
45.0   -6.0   2.10051211583
50.0   -6.0   2.1007765516
55.0   -6.0   2.10127467304
60.0   -6.0   2.10201647285
65.0   -6.0   2.10301501036
70.0   -6.0   2.10428693464
75.0   -6.0   2.1058529888
80.0   -6.0   2.10773764247
85.0   -6.0   2.10996757066
90.0   -6.0   2.11257084642
95.0   -6.0   2.11557597973
100.0   -6.0   2.11900698967
105.0   -6.0   2.12288191918
110.0   -6.0   2.12720748715
115.0   -6.0   2.13197396046
120.0   -6.0   2.13715046435
125.0   -6.0   2.14267778198
130.0   -6.0   2.14846168363
135.0   -6.0   2.15436626624
140.0   -6.0   2.16020529351
145.0   -6.0   2.16573468618
150.0   -6.0   2.17064203773
155.0   -6.0   2.17453460168
160.0   -6.0   2.17692467488
165.0   -6.0   2.17720745423
170.0   -6.0   2.17462841056
175.0   -6.0   2.16823274839
180.0   -6.0   2.15677732313
185.0   -6.0   2.13857611338
190.0   -6.0   2.1112026495
195.0   -6.0   2.07085468046
200.0   -6.0   2.01067576408
-200.0   -30.0   2.01063857429
-195.0   -30.0   1.99376622181
-190.0   -30.0   1.98082726706
-185.0   -30.0   1.97070413408
-180.0   -30.0   1.96259823425
-175.0   -30.0   1.95587750949
-170.0   -30.0   1.9500617552
-165.0   -30.0   1.94479967037
-160.0   -30.0   1.93984516066
-155.0   -30.0   1.93503321307
-150.0   -30.0   1.93025951893
-145.0   -30.0   1.92546271708
-140.0   -30.0   1.92061221693
-135.0   -30.0   1.91569705898
-130.0   -30.0   1.91071936308
-125.0   -30.0   1.90568792454
-120.0   -30.0   1.90061672981
-115.0   -30.0   1.89552026788
-110.0   -30.0   1.89041449036
-105.0   -30.0   1.88531462135
-100.0   -30.0   1.88023518418
-95.0   -30.0   1.8751900734
-90.0   -30.0   1.87019305154
-85.0   -30.0   1.86525652563
-80.0   -30.0   1.86039392812
-75.0   -30.0   1.85561760882
-70.0   -30.0   1.85094103882
-65.0   -30.0   1.84637734746
-60.0   -30.0   1.84194051054
-55.0   -30.0   1.83764509482
-50.0   -30.0   1.83350603135
-45.0   -30.0   1.82953790703
-40.0   -30.0   1.82575623784
-35.0   -30.0   1.82217574486
-30.0   -30.0   1.81881096526
-25.0   -30.0   1.81567599136
-20.0   -30.0   1.81278358343
-15.0   -30.0   1.81014540834
-10.0   -30.0   1.80777191777
-5.0   -30.0   1.80567114433
0.0   -30.0   1.80385028824
5.0   -30.0   1.80231473107
10.0   -30.0   1.80106816512
15.0   -30.0   1.80011323674
20.0   -30.0   1.79945207299
25.0   -30.0   1.79908604727
30.0   -30.0   1.79901797637
35.0   -30.0   1.79925180644
40.0   -30.0   1.79979374393
45.0   -30.0   1.80065382611
50.0   -30.0   1.8018469444
55.0   -30.0   1.80339431595
60.0   -30.0   1.80532278131
65.0   -30.0   1.8076686241
70.0   -30.0   1.81047533232
75.0   -30.0   1.81379534771
80.0   -30.0   1.81768920185
85.0   -30.0   1.82222372305
90.0   -30.0   1.82747147534
95.0   -30.0   1.83350623525
100.0   -30.0   1.84039970879
105.0   -30.0   1.84821715734
110.0   -30.0   1.85700974399
115.0   -30.0   1.86681025741
120.0   -30.0   1.8776247985
125.0   -30.0   1.88942626832
130.0   -30.0   1.90214841548
135.0   -30.0   1.91567971983
140.0   -30.0   1.92985786241
145.0   -30.0   1.94446632658
150.0   -30.0   1.95923247803
155.0   -30.0   1.97382386696
160.0   -30.0   1.98784966647
165.0   -30.0   2.00085780459
170.0   -30.0   2.01233564972
175.0   -30.0   2.02170733079
180.0   -30.0   2.02832830516
185.0   -30.0   2.03147083658
190.0   -30.0   2.03029764263
195.0   -30.0   2.02380556722
200.0   -30.0   2.01063857429
-200.0   -21.0   2.01059188761
-195.0   -21.0   2.00140477025
-190.0   -21.0   1.99584486873
-185.0   -21.0   1.99254210144
-180.0   -21.0   1.99056480676
-175.0   -21.0   1.9892327942
-170.0   -21.0   1.98807134598
-165.0   -21.0   1.98676464222
-160.0   -21.0   1.98511629415
-155.0   -21.0   1.983015374
-150.0   -21.0   1.98041078967
-145.0   -21.0   1.97729059447
-140.0   -21.0   1.97366859231
-135.0   -21.0   1.96957368357
-130.0   -21.0   1.96504240855
-125.0   -21.0   1.96011547163
-120.0   -21.0   1.95483398231
-115.0   -21.0   1.94923847487
-110.0   -21.0   1.94336699862
-105.0   -21.0   1.9372567554
-100.0   -21.0   1.93094178099
-95.0   -21.0   1.92445491232
-90.0   -21.0   1.91782698902
-85.0   -21.0   1.91108875562
-80.0   -21.0   1.90426979428
-75.0   -21.0   1.89739961535
-70.0   -21.0   1.8905081149
-65.0   -21.0   1.88362587264
-60.0   -21.0   1.87678404084
-55.0   -21.0   1.87001471547
-50.0   -21.0   1.86335098721
-45.0   -21.0   1.85682595855
-40.0   -21.0   1.85047375724
-35.0   -21.0   1.84432828476
-30.0   -21.0   1.83842294584
-25.0   -21.0   1.83278922318
-20.0   -21.0   1.82745757062
-15.0   -21.0   1.82245584799
-10.0   -21.0   1.81780834784
-5.0   -21.0   1.81353578223
0.0   -21.0   1.80965512774
5.0   -21.0   1.80617872539
10.0   -21.0   1.80311476216
15.0   -21.0   1.80046758966
20.0   -21.0   1.79823847085
25.0   -21.0   1.7964271199
30.0   -21.0   1.79503197517
35.0   -21.0   1.79405289291
40.0   -21.0   1.79349337095
45.0   -21.0   1.79336235886
50.0   -21.0   1.79367644774
55.0   -21.0   1.79446286661
60.0   -21.0   1.79576153955
65.0   -21.0   1.79762580026
70.0   -21.0   1.80012438432
75.0   -21.0   1.80333964905
80.0   -21.0   1.80736769099
85.0   -21.0   1.81231412483
90.0   -21.0   1.81828822162
95.0   -21.0   1.82539755336
100.0   -21.0   1.83373816632
105.0   -21.0   1.84338498504
110.0   -21.0   1.85438203365
115.0   -21.0   1.86673173465
120.0   -21.0   1.88038695132
125.0   -21.0   1.89524459251
130.0   -21.0   1.91114145162
135.0   -21.0   1.92785260356
140.0   -21.0   1.94509234879
145.0   -21.0   1.96251741573
150.0   -21.0   1.97972955698
155.0   -21.0   1.99627817611
160.0   -21.0   2.01166299301
165.0   -21.0   2.02533287263
170.0   -21.0   2.03668308299
175.0   -21.0   2.04504660132
180.0   -21.0   2.04967729432
185.0   -21.0   2.04972179117
190.0   -21.0   2.04416419202
195.0   -21.0   2.03172785824
200.0   -21.0   2.01059188761
-200.0   -12.0   2.01064003211
-195.0   -12.0   2.03430698382
-190.0   -12.0   2.053842621
-185.0   -12.0   2.06986630304
-180.0   -12.0   2.08289923386
-175.0   -12.0   2.09340134289
-170.0   -12.0   2.10176782613
-165.0   -12.0   2.10833255309
-160.0   -12.0   2.11337393314
-155.0   -12.0   2.1171242339
-150.0   -12.0   2.1197755436
-145.0   -12.0   2.12148722592
-140.0   -12.0   2.12239226106
-135.0   -12.0   2.12260192391
-130.0   -12.0   2.12221076504
-125.0   -12.0   2.12129804624
-120.0   -12.0   2.11993259717
-115.0   -12.0   2.11817329301
-110.0   -12.0   2.11607215588
-105.0   -12.0   2.11367411319
-100.0   -12.0   2.11101991329
-95.0   -12.0   2.10814549022
-90.0   -12.0   2.10508436067
-85.0   -12.0   2.10186621372
-80.0   -12.0   2.09852009867
-75.0   -12.0   2.09507289595
-70.0   -12.0   2.09155086765
-65.0   -12.0   2.08797870732
-60.0   -12.0   2.08438118407
-55.0   -12.0   2.08078245864
-50.0   -12.0   2.07720674668
-45.0   -12.0   2.07367697862
-40.0   -12.0   2.07021669258
-35.0   -12.0   2.06684801735
-30.0   -12.0   2.06359273209
-25.0   -12.0   2.06047158576
-20.0   -12.0   2.05750364283
-15.0   -12.0   2.05470710321
-10.0   -12.0   2.05209821542
-5.0   -12.0   2.04969123881
0.0   -12.0   2.04749838388
5.0   -12.0   2.0455294817
10.0   -12.0   2.04379279037
15.0   -12.0   2.04229400785
20.0   -12.0   2.04103720787
25.0   -12.0   2.04002520741
30.0   -12.0   2.03925995099
35.0   -12.0   2.03874265307
40.0   -12.0   2.03847585526
45.0   -12.0   2.03846234094
50.0   -12.0   2.0387079497
55.0   -12.0   2.03922147975
60.0   -12.0   2.04001582865
65.0   -12.0   2.041108295
70.0   -12.0   2.0425221181
75.0   -12.0   2.04428494136
80.0   -12.0   2.04643004259
85.0   -12.0   2.04899520347
90.0   -12.0   2.05202039809
95.0   -12.0   2.05554586944
100.0   -12.0   2.05960885174
105.0   -12.0   2.06423869003
110.0   -12.0   2.06945336771
115.0   -12.0   2.07525232953
120.0   -12.0   2.08161054155
125.0   -12.0   2.08847204947
130.0   -12.0   2.09574298067
135.0   -12.0   2.10328433627
140.0   -12.0   2.1109050619
145.0   -12.0   2.1183553198
150.0   -12.0   2.12531782311
155.0   -12.0   2.131400192
160.0   -12.0   2.13612322671
165.0   -12.0   2.13890507464
170.0   -12.0   2.13903909176
175.0   -12.0   2.13565834801
180.0   -12.0   2.12767520324
185.0   -12.0   2.11367520963
190.0   -12.0   2.09172411894
195.0   -12.0   2.05896876588
200.0   -12.0   2.01064003211
-200.0   -15.0   2.01061263787
-195.0   -15.0   2.02137859366
-190.0   -15.0   2.03182709198
-185.0   -15.0   2.04135503414
-180.0   -15.0   2.04968600193
-175.0   -15.0   2.05671731754
-170.0   -15.0   2.06245023954
-165.0   -15.0   2.06694454618
-160.0   -15.0   2.07029046012
-155.0   -15.0   2.07259105065
-150.0   -15.0   2.07395158264
-145.0   -15.0   2.07447340266
-140.0   -15.0   2.074250817
-135.0   -15.0   2.07336989542
-130.0   -15.0   2.07190829973
-125.0   -15.0   2.06993516138
-120.0   -15.0   2.06751315709
-115.0   -15.0   2.0646968454
-110.0   -15.0   2.06153595212
-105.0   -15.0   2.05807489365
-100.0   -15.0   2.05435390183
-95.0   -15.0   2.05040939401
-90.0   -15.0   2.04627603422
-85.0   -15.0   2.04198494308
-80.0   -15.0   2.03756678826
-75.0   -15.0   2.03305032692
-70.0   -15.0   2.02846430874
-65.0   -15.0   2.02383641729
-60.0   -15.0   2.01919441487
-55.0   -15.0   2.0145658643
-50.0   -15.0   2.0099784258
-45.0   -15.0   2.00545936704
-40.0   -15.0   2.00103592822
-35.0   -15.0   1.99673461113
-30.0   -15.0   1.99258154505
-25.0   -15.0   1.98860136763
-20.0   -15.0   1.98481740616
-15.0   -15.0   1.98125107237
-10.0   -15.0   1.97792218332
-5.0   -15.0   1.97484706146
0.0   -15.0   1.97204020215
5.0   -15.0   1.96951278836
10.0   -15.0   1.96727338537
15.0   -15.0   1.96532793392
20.0   -15.0   1.96368007118
25.0   -15.0   1.96233182465
30.0   -15.0   1.96128418667
35.0   -15.0   1.96053809034
40.0   -15.0   1.96009562867
45.0   -15.0   1.95996131255
50.0   -15.0   1.9601432731
55.0   -15.0   1.96065484513
60.0   -15.0   1.96151547997
65.0   -15.0   1.96275195243
70.0   -15.0   1.96439911016
75.0   -15.0   1.96650021339
80.0   -15.0   1.96910583099
85.0   -15.0   1.97227331986
90.0   -15.0   1.97606327755
95.0   -15.0   1.98053718467
100.0   -15.0   1.98575262486
105.0   -15.0   1.9917562648
110.0   -15.0   1.99857899405
115.0   -15.0   2.00622763259
120.0   -15.0   2.01467776354
125.0   -15.0   2.02386644302
130.0   -15.0   2.03368557221
135.0   -15.0   2.0439758464
140.0   -15.0   2.0545208855
145.0   -15.0   2.06504454942
150.0   -15.0   2.07520482158
155.0   -15.0   2.08458937449
160.0   -15.0   2.09271045724
165.0   -15.0   2.09899483984
170.0   -15.0   2.10277082882
175.0   -15.0   2.10324335909
180.0   -15.0   2.09945494267
185.0   -15.0   2.0902149812
190.0   -15.0   2.07397282732
195.0   -15.0   2.04856919863
200.0   -15.0   2.01061263787
-200.0   -18.0   2.01059660058
-195.0   -18.0   2.00995666049
-190.0   -18.0   2.01158664793
-185.0   -18.0   2.01427904758
-180.0   -18.0   2.01728288669
-175.0   -18.0   2.02010772654
-170.0   -18.0   2.02245107104
-165.0   -18.0   2.02414325287
-160.0   -18.0   2.0251045682
-155.0   -18.0   2.02531582934
-150.0   -18.0   2.02479437499
-145.0   -18.0   2.02358037428
-140.0   -18.0   2.0217250781
-135.0   -18.0   2.01928508806
-130.0   -18.0   2.01631756699
-125.0   -18.0   2.01287776821
-120.0   -18.0   2.00901798342
-115.0   -18.0   2.00478703173
-110.0   -18.0   2.0002295595
-105.0   -18.0   1.99538725136
-100.0   -18.0   1.99029796346
-95.0   -18.0   1.98499744697
-90.0   -18.0   1.97951938435
-85.0   -18.0   1.97389556172
-80.0   -18.0   1.96815690921
-75.0   -18.0   1.96233375711
-70.0   -18.0   1.95645616093
-65.0   -18.0   1.95055442246
-60.0   -18.0   1.944658881
-55.0   -18.0   1.93880050484
-50.0   -18.0   1.93301037524
-45.0   -18.0   1.92732038036
-40.0   -18.0   1.92176219736
-35.0   -18.0   1.91636697566
-30.0   -18.0   1.91116575102
-25.0   -18.0   1.90618759374
-20.0   -18.0   1.90146076259
-15.0   -18.0   1.89701076963
-10.0   -18.0   1.89286069022
-5.0   -18.0   1.88903012472
0.0   -18.0   1.88553526486
5.0   -18.0   1.88238886662
10.0   -18.0   1.87959934621
15.0   -18.0   1.8771727922
20.0   -18.0   1.87511147651
25.0   -18.0   1.87341617097
30.0   -18.0   1.87208636028
35.0   -18.0   1.87112262365
40.0   -18.0   1.87052722272
45.0   -18.0   1.87030640635
50.0   -18.0   1.87047207597
55.0   -18.0   1.87104473653
60.0   -18.0   1.87205389543
65.0   -18.0   1.87353984483
70.0   -18.0   1.87555512853
75.0   -18.0   1.87816378013
80.0   -18.0   1.88144099155
85.0   -18.0   1.88547018713
90.0   -18.0   1.89033971931
95.0   -18.0   1.89613751537
100.0   -18.0   1.90294369197
105.0   -18.0   1.91082360113
110.0   -18.0   1.91981816899
115.0   -18.0   1.92993486753
120.0   -18.0   1.94114094171
125.0   -18.0   1.95335367095
130.0   -18.0   1.96643648343
135.0   -18.0   1.98019461913
140.0   -18.0   1.99437283736
145.0   -18.0   2.00865568978
150.0   -18.0   2.02266659452
155.0   -18.0   2.03596756194
160.0   -18.0   2.04805930063
165.0   -18.0   2.05837657889
170.0   -18.0   2.06628059234
175.0   -18.0   2.07104582636
180.0   -18.0   2.07183451203
185.0   -18.0   2.06765131358
190.0   -18.0   2.05726362844
195.0   -18.0   2.03904876156
200.0   -18.0   2.01059660058
-200.0   -9.0   2.01066847554
-195.0   -9.0   2.04520746457
-190.0   -9.0   2.07174689863
-185.0   -9.0   2.09239854397
-180.0   -9.0   2.10853747695
-175.0   -9.0   2.1211663258
-170.0   -9.0   2.1310308594
-165.0   -9.0   2.13869316652
-160.0   -9.0   2.14458123098
-155.0   -9.0   2.14902425861
-150.0   -9.0   2.15227733396
-145.0   -9.0   2.15454043485
-140.0   -9.0   2.15597198615
-135.0   -9.0   2.15669953534
-130.0   -9.0   2.15682657506
-125.0   -9.0   2.15643884954
-120.0   -9.0   2.15560763257
-115.0   -9.0   2.15439348926
-110.0   -9.0   2.1528481377
-105.0   -9.0   2.15101672983
-100.0   -9.0   2.14893841228
-95.0   -9.0   2.14664823215
-90.0   -9.0   2.14417772596
-85.0   -9.0   2.14155562174
-80.0   -9.0   2.13880872429
-75.0   -9.0   2.1359622423
-70.0   -9.0   2.13303979615
-65.0   -9.0   2.13006443529
-60.0   -9.0   2.12705895519
-55.0   -9.0   2.12404459465
-50.0   -9.0   2.12104300537
-45.0   -9.0   2.1180751696
-40.0   -9.0   2.11516151535
-35.0   -9.0   2.112322055
-30.0   -9.0   2.10957565835
-25.0   -9.0   2.10694086801
-20.0   -9.0   2.10443534797
-15.0   -9.0   2.10207429324
-10.0   -9.0   2.09987271007
-5.0   -9.0   2.09784316678
0.0   -9.0   2.09599699385
5.0   -9.0   2.09434370759
10.0   -9.0   2.0928908211
15.0   -9.0   2.09164400092
20.0   -9.0   2.09060791593
25.0   -9.0   2.08978541327
30.0   -9.0   2.08917884433
35.0   -9.0   2.08879058935
40.0   -9.0   2.08862202802
45.0   -9.0   2.08867636228
50.0   -9.0   2.08895857572
55.0   -9.0   2.08947467126
60.0   -9.0   2.09023504988
65.0   -9.0   2.09125259426
70.0   -9.0   2.09254416881
75.0   -9.0   2.0941311628
80.0   -9.0   2.09603790849
85.0   -9.0   2.09829216146
90.0   -9.0   2.10092275435
95.0   -9.0   2.10395968332
100.0   -9.0   2.10742793077
105.0   -9.0   2.11134753562
110.0   -9.0   2.11572692027
115.0   -9.0   2.12055898069
120.0   -9.0   2.12581514394
125.0   -9.0   2.13143885359
130.0   -9.0   2.13733871454
135.0   -9.0   2.14338237648
140.0   -9.0   2.14938757392
145.0   -9.0   2.15511323281
150.0   -9.0   2.1602519962
155.0   -9.0   2.1644168173
160.0   -9.0   2.16712740904
165.0   -9.0   2.16779010969
170.0   -9.0   2.16566807149
175.0   -9.0   2.15983389566
180.0   -9.0   2.14909184881
185.0   -9.0   2.13183738591
190.0   -9.0   2.10579482515
195.0   -9.0   2.06746107681
200.0   -9.0   2.01066847554
